411837.299743176
411837.399759769
411837.499723196
411837.599735022
411837.699726582
411837.799723625
411837.899719238
411837.999736309
411838.099767923
411838.199762583
411838.299733162
411838.399760246
411838.499729395
411838.599760056
411838.699784994
411838.799761295
411838.89973259
411838.999726534
411839.099741936
411839.199728727
411839.299781561
411839.399731398
411839.499734163
411839.599767923
411839.699736834
411839.799723625
411839.899736404
411839.999761105
411840.099725246
411840.199757338
411840.29972744
411840.399719477
411840.499734402
411840.599726677
411840.699719667
411840.799757957
411840.899759769
411840.999795914
411841.099753141
411841.199726582
411841.299721479
411841.399740219
411841.499756575
411841.599722385
411841.699722528
411841.799769878
411841.899770498
411841.999730825
411842.099731445
411842.199722767
411842.299721479
411842.399726629
411842.49993968
411842.599798441
411842.699741125
411842.799731255
411842.899716616
411842.999717712
411843.0997293
411843.199732065
411843.299800634
411843.399722099
411843.499758482
411843.599728823
411843.699805021
411843.799762011
411843.899729252
411843.99974966
411844.099718809
411844.199750662
411844.299729347
411844.399838686
411844.49985075
411844.599839211
411844.699740171
411844.799756765
411844.899814367
411844.99977088
411845.099739313
411845.199792624
411845.299768925
411845.399718761
411845.499765396
411845.599723339
411845.699776888
411845.799717665
411845.899749994
411845.999748707
411846.099773169
411846.199757814
411846.299756527
411846.399767637
411846.49976325
411846.599798918
411846.699726343
411846.799798727
411846.89976573
411846.999773741
411847.09974885
411847.199755907
411847.299762487
411847.399760485
411847.499768734
411847.599766016
411847.699799538
411847.799940586
411847.899726629
411847.999763727
411848.099772215
411848.199727058
411848.299756765
411848.399758101
411848.499896765
411848.5997684
411848.699770689
411848.799768209
411848.899748564
411848.999726295
411849.099793434
411849.199742556
411849.299750328
411849.399726152
411849.49973011
411849.599793434
411849.699771643
411849.799721003
411849.899728775
411849.999848127
411850.099777937
411850.199732065
411850.299750328
411850.399768829
411850.499730349
411850.59974432
411850.699718714
411850.799768925
411850.899723053
411850.999728203
411851.09975338
411851.199767351
411851.299771786
411851.399780989
411851.499755621
411851.599745512
411851.699722052
411851.7997756
411851.899742365
411851.99977088
411852.099725723
411852.199948788
411852.299850225
411852.399790287
411852.49974823
411852.59976244
411852.699724674
411852.799762964
411852.899722576
411852.99975276
411853.099817276
411853.199768305
411853.299807787
411853.399723768
411853.499723673
411853.599719048
411853.699762583
411853.799722672
411853.899725914
411853.99975729
411854.09973979
411854.199760675
411854.299751997
411854.39978528
411854.499747515
411854.59975028
411854.702307224
411854.799723864
411854.899740934
411854.999839544
411855.099747181
411855.199751377
411855.299744129
411855.399746895
411855.499890804
411855.599739313
411855.69977355
411855.799779415
411855.899778605
411855.999769211
411856.099780083
411856.199761868
411856.299776316
411856.399785519
411856.499769449
411856.599754333
411856.699789286
411856.799774647
411856.899725676
411856.999778986
411857.099779606
411857.199765444
411857.299721956
411857.399761915
411857.499740839
411857.599777937
411857.699780703
411857.799769878
411857.899770498
411857.999729395
411858.09977603
411858.199771881
411858.299749613
411858.399769068
411858.49975419
411858.599751949
411858.699761391
411858.799767971
411858.89977169
411858.999726534
411859.099728346
411859.199780703
411859.299802303
411859.399789572
411859.499779701
411859.599725962
411859.699788332
411859.799729586
411859.899773836
411859.999768972
411860.099767923
411860.199851513
411860.299748182
411860.399738789
411860.499772549
411860.599771023
411860.699759483
411860.799851656
411860.899741888
411860.99972415
411861.099786997
411861.199721098
411861.299769402
411861.399767637
411861.499781609
411861.599778414
411861.699774504
411861.799833775
411861.899782181
411861.999755859
411862.099794149
411862.199766874
411862.299770117
411862.399737358
411862.499789715
411862.599777699
411862.699773788
411862.799769402
411862.899781942
411862.999778509
411863.099761248
411863.199810028
411863.299790621
411863.399769068
411863.499773502
411863.599786043
411863.699775696
411863.799776077
411863.899779558
411863.999724627
411864.09976387
411864.199730873
411864.299731493
411864.399754524
411864.499766588
411864.599777699
411864.699776173
411864.799772739
411864.899725676
411864.999722958
411865.099725962
411865.199768782
411865.299724579
411865.399791479
411865.499764204
411865.59973073
411865.699792385
411865.799776793
411865.899769783
411865.999733925
411866.099725008
411866.199776649
411866.299773693
411866.399772882
411866.49976635
411866.599943161
411866.69977212
411866.799771786
411866.899717808
411866.999731779
411867.099753141
411867.199788332
411867.299730301
411867.39972806
411867.499777317
411867.599769354
411867.699772358
411867.79983592
411867.89976573
411867.99972415
411868.099765301
411868.199765921
411868.299814701
411868.39978075
411868.499777794
411868.599779844
411868.699771643
411868.799757004
411868.899748325
411868.999734402
411869.099766493
411869.199760914
411869.299764872
411869.399794102
411869.499771595
411869.599730492
411869.699774027
411869.799775839
411869.899750233
411869.999771595
411870.099768639
411870.199855804
411870.299749136
411870.399732828
411870.49977994
411870.599764347
411870.699771404
411870.799779892
411870.899733543
411870.999731302
411871.100086451
411871.199725866
411871.299770594
411871.39977169
411871.49978447
411871.599720716
411871.699769497
411871.799778938
411871.899781942
411871.999766111
411872.099719763
411872.199763298
411872.299791574
411872.399765968
411872.499720812
411872.599723339
411872.699724913
411872.799772978
411872.899784803
411872.999786854
411873.099793434
411873.199753046
411873.299725294
411873.399729729
411873.499800682
411873.599770069
411873.69971776
411873.799789667
411873.899790525
411873.999770641
411874.099739313
411874.199718714
411874.299757242
411874.399778366
411874.499751329
411874.599779129
411874.699765444
411874.799768686
411874.899753571
411874.999767303
411875.099764824
411875.199738741
411875.299777031
411875.399739981
411875.499795437
411875.599783182
411875.699776173
411875.799743414
411875.899722099
411875.999724627
411876.09972477
411876.199743986
411876.299755335
411876.399734974
411876.499763966
411876.599725246
411876.699793816
411876.799735308
411876.899740934
411876.999730349
411877.099764347
411877.199762344
411877.299753189
411877.399777412
411877.499732018
411877.599776268
411877.699760437
411877.799729347
411877.899768353
411877.999767542
411878.099778891
411878.199761391
411878.299723625
411878.399721384
411878.499737263
411878.599777937
411878.699771166
411878.799776554
411878.89973259
411878.999768496
411879.09980011
411879.199769974
411879.299764872
411879.399744749
411879.499722004
411879.599768639
411879.699765921
411879.799775839
411879.899771452
411879.99972558
411880.099776268
411880.199865818
411880.299738407
411880.399776936
411880.499760628
411880.599859715
411880.699774504
411880.799772024
411880.899749041
411880.99975729
411881.099771023
411881.199745893
411881.299926519
411881.399779797
411881.499768496
411881.59979558
411881.699821949
411881.799785376
411881.899754763
411881.999766111
411882.099732637
411882.199751139
411882.299780607
411882.399768353
411882.499731064
411882.599827051
411882.700000048
411977.099782944
411977.199803591
411977.299748659
411977.399795771
411977.499803305
411977.599754572
411977.699736118
411977.799797773
411977.899777651
411977.999747992
411978.099767923
411978.199746132
411978.299726009
411978.399763584
411978.499729872
411978.599765301
411978.699782848
411978.799721718
411978.899757147
411978.999723434
411979.099723101
411979.199723005
411979.299726725
411979.399824858
411979.499997616
411979.599721909
411979.699785948
411979.799788475
411979.899724483
411979.999728441
411980.099786997
411980.199778557
411980.299759865
411980.399729013
411980.499783516
411980.599786043
411980.699724913
411980.799782038
411980.899776459
411980.999750137
411981.099780083
411981.199808836
411981.299772263
411981.399791718
411981.499792576
411981.599798441
411981.699770927
411981.799770355
411981.899787188
412019.3997612
412019.499733925
412019.59978056
412019.699771643
412019.799726486
412019.899730921
412019.999790192
412020.099724054
412020.199784994
412020.299779892
412020.399787903
412020.499777555
412020.599776506
412020.699772596
412020.799771309
412020.899729013
412020.999776125
412021.099788189
412021.199810505
412021.299776793
412021.399763584
412021.499786854
412021.599776506
412021.699772835
412021.799789906
412021.899777174
412021.999735117
412022.099781513
412022.199776411
412022.299769878
412022.399865866
412022.499780416
412022.599779129
412022.699780464
412022.799753666
412022.899789095
412022.999787331
412023.099769115
412023.199721813
412023.299722195
412023.399722099
412023.499761343
412023.599787951
412023.699785948
412023.799829245
412023.899728298
412023.999835968
412024.099775791
412024.199834347
412064.499727249
412064.599728584
412064.699757338
412064.799727678
412064.89973259
412064.999724627
412065.099781513
412065.199727774
412065.299723387
412065.399727106
412065.499732018
412065.599725246
412065.69985652
412065.799731255
412065.89977932
412065.999727249
412066.099725962
412066.19976902
412066.299726009
412066.39972496
412066.499725103
412066.599728107
412066.699728251
412066.799804926
412066.899725914
412066.999722481
412067.099725485
412067.199724674
412067.299723625
412067.399791956
412067.499727964
412067.599773407
412067.699818134
412067.799756527
412067.899768353
412067.999906301
412068.099743366
412068.199748278
412068.299728394
412068.399817228
412068.499723434
412068.599727392
412068.699733973
412068.799767494
412068.899724483
412068.999729395
412069.099749327
412069.199749947
412069.299736261
412069.39976716
412095.199740887
412095.299755335
412095.399778605
412095.499727488
412095.599807262
412095.699754
412095.799782038
412095.899749279
412095.999731541
412096.099741936
412096.199765444
412096.299782991
412096.399725437
412096.499926329
412096.599802732
412096.699790716
412096.799790144
412096.899780989
412096.999787807
412097.099799395
412097.19995451
412097.29979825
412097.399825573
412097.499953032
412097.599797487
412097.699774981
412097.799772739
412097.899808407
412097.999805689
412098.099805832
412098.199800491
412098.29978919
412098.399800539
412098.499783516
412098.599795341
412098.699742794
412098.799788713
412098.899784327
412098.999723196
412099.099781752
412099.199792385
412099.29978323
412099.399724722
412099.499777555
412099.599781275
412099.699776649
412099.799855471
412099.899789333
412099.999789238
412100.099756241
412128.999808073
412129.099761963
412129.199731827
412129.299766064
412129.399727106
412129.499770641
412129.599730253
412129.699762821
412129.799779415
412129.899788141
412129.999772549
412130.099800348
412130.199746847
412130.299736023
412130.39977026
412130.499786854
412130.599772692
412130.699729443
412130.799782991
412130.899768591
412130.999788284
412131.099775791
412131.199717283
412131.299781084
412131.399782181
412131.499753714
412131.5999825
412131.69982028
412131.799774885
412131.899782658
412131.99978447
412132.099779606
412132.199751377
412132.299786568
412132.399810314
412132.499782085
412132.599790573
412132.699756861
412132.799766541
412132.899776697
412132.99980855
412133.099813223
412133.199788094
412133.299742699
412133.399764299
412133.49975872
412133.599814177
412133.699835777
412133.799791574
412194.999753237
412195.099818707
412195.19980073
412195.299825191
412195.399744511
412195.499747038
412195.599748611
412195.699864626
412195.799750566
412195.899748564
412195.999794722
412196.099783421
412196.199739933
412196.299805164
412196.399766445
412196.499783516
412196.599743843
412196.699750662
412196.799768686
412196.899759531
412196.999783516
412197.099748611
412197.19975543
412197.299753666
412197.399804831
412197.499726057
412197.599722147
412197.699768543
412197.799723864
412197.899776936
412197.99973774
412198.099783182
412198.199721098
412198.299756527
412198.399744272
412198.499719381
412198.599719524
412198.699712515
412198.799715757
412198.899809361
412198.999760389
412199.099758863
412199.199730635
412199.299727201
412199.399729252
412199.499753714
412199.59971571
412199.699784994
412199.799728394
412267.999750137
412268.099729538
412268.199774265
412268.299770117
412268.399765491
412268.499724627
412268.599763155
412268.699718952
412268.799723387
412268.899722815
412268.999723196
412269.099727631
412269.199779034
412269.299735785
412269.39975071
412269.499764681
412269.599750519
412269.699719667
412269.799807072
412269.899744272
412269.999777079
412270.099724293
412270.199776888
412270.299747944
412270.399749994
412270.499738693
412270.599721909
412270.699736357
412270.799721479
412270.899759769
412270.999731779
412271.099734068
412271.199777365
412271.299726963
412271.39976716
412271.499752283
412271.599781275
412271.699761391
412271.79975605
412271.89973712
412271.999769688
412272.099729061
412272.199857473
412272.299776316
412272.399767399
412272.4997859
412272.599776745
412272.69973278
412272.799761057
412272.899739027
412318.399758577
412318.49976778
412318.599734068
412318.699781179
412318.799733877
412318.899727583
412318.999810219
412319.099732161
412319.19975543
412319.299735308
412319.399726152
412319.499738693
412319.599772453
412319.699729443
412319.799725056
412319.899749279
412319.999752045
412320.099732161
412320.199730873
412320.299730062
412320.399727345
412320.499727726
412320.599725485
412320.699733019
412320.79976964
412320.899730921
412320.999736309
412321.099729538
412321.199733496
412321.299735785
412321.399773598
412321.499772072
412321.599772453
412321.699770451
412321.799735546
412321.899731159
412321.999774933
412322.09977293
412322.199729919
412322.2997365
412322.399735451
412322.49975419
412322.599719763
412322.699717999
412322.799788237
412322.899769068
412322.999761581
412323.099723577
412323.199733973
412323.299818754
412368.499889135
412368.599841833
412368.699736357
412368.79977107
412368.899745703
412368.99982667
412369.099736691
412369.199767351
412369.299721003
412369.399719715
412369.499770641
412369.599769831
412369.69978261
412369.79978013
412369.89975214
412369.999770641
412370.099767208
412370.199821949
412370.299725533
412370.39976573
412370.499796629
412370.599771976
412370.699760675
412370.799730539
412370.899778843
412370.999737978
412371.099755049
412371.199736834
412371.299798489
412371.399734497
412371.499724865
412371.599760771
412371.699751616
412371.799754143
412371.899768829
412371.999774694
412372.099731207
412372.199731827
412372.299786806
412372.399725914
412372.499767303
412372.599758863
412372.699765921
412372.799732447
412372.899770498
412372.999726057
412373.099775076
412373.199754
412373.29979825
412373.399728537
412447.799717665
412447.899726629
412447.999754906
412448.09980154
412448.199725628
412448.299734354
412448.399762869
412448.499736786
412448.599726915
412448.699755907
412448.799764395
412448.899787188
412448.999764919
412449.099722862
412449.199728489
412449.299724579
412449.399783373
412449.499732733
412449.599776745
412449.699723244
412449.799776077
412449.899738312
412449.99984169
412450.099767208
412450.199729443
412450.299787998
412450.399760008
412450.499713898
412450.59974432
412450.699718475
412450.799722433
412450.899726868
412450.999721289
412451.099722624
412451.199722767
412451.299770832
412451.399761438
412451.49979496
412451.599768639
412451.699775219
412451.799726725
412451.899721146
412451.999766111
412452.099743366
412452.199759245
412452.299837351
412452.399774313
412452.499731541
412452.599730492
412468.999734879
412469.099725246
412469.199787378
412469.299773932
412469.399807215
412469.499797344
412469.599786043
412469.699795723
412469.799793243
412469.89978075
412469.999776363
412470.099732637
412470.199729919
412470.29978323
412470.399772644
412470.499764919
412470.599760294
412470.699728489
412470.79975152
412470.899724007
412470.999829054
412471.099731445
412471.199820042
412471.299788237
412471.399788618
412471.499768019
412471.599832058
412471.699786186
412471.799803972
412471.899812222
412471.999819279
412472.099793911
412472.199754715
412472.299728155
412472.399736643
412472.499762297
412472.599779367
412472.699819565
412472.799809694
412472.899796009
412472.999778748
412473.099782228
412473.199816227
412473.299801111
412473.399802208
412473.499747038
412473.599736929
412473.699733257
412473.799760818
412473.899724007
412474.599775553
412474.699778795
412474.799790144
412474.899795532
412474.999765635
412475.100190163
412475.199734449
412475.299811363
412475.399733067
412475.499789238
412475.59978652
412475.699734926
412475.79972887
412475.899791241
412475.999789238
412476.099769354
412476.199742079
412476.299784899
412476.39979291
412476.499742031
412476.599727154
412476.699718714
412476.799814224
412476.899796486
412476.999796629
412477.099729061
412477.199732542
412477.299807549
412477.399794817
412477.499804497
412477.599735498
412477.699763536
412477.799754381
412477.899767876
412477.999858856
412478.099764585
412478.199792624
412478.299767017
412478.399772406
412478.499724865
412478.599725723
412478.69972682
412478.79973197
412478.899791479
412478.999731541
412479.099750519
412479.199803352
412479.299750566
412479.399736404
412479.499726057
412479.599778414
412479.699865341
412479.799792528
412479.899730444
412479.999795675
412480.09973526
412480.199727774
412480.299725533
412480.399749517
412480.499743223
412480.599779367
412480.699773073
412480.79975152
412480.899737835
412480.999723434
412481.099776268
412481.199789762
412482.099721909
412482.19971323
412482.299815416
412482.399726391
412482.499721766
412482.599789858
412482.699794531
412482.799813032
412482.899726629
412482.999732018
412483.099729538
412483.199769258
412483.299778938
412483.399779797
412483.499789
412483.599725962
412483.699821234
412483.799806118
412483.899764061
412483.999722958
412484.099754333
412484.199749708
412484.299780607
412484.399756908
412484.499724388
412484.599749088
412484.699777365
412484.79980278
412484.899817944
412484.999737024
412485.099714756
412485.199741602
412485.299728632
412485.399776697
412485.499782085
412485.599743128
412485.699735641
412485.799732685
412485.899799824
412485.999802113
412486.099814415
412486.19980073
412486.299757242
412486.399787426
412486.499797821
412486.599893093
412486.699776888
412486.799830198
412486.89978838
412486.999738693
412487.099807262
412487.199789047
412487.299814224
412487.399779081
412487.499803305
412487.599826813
412487.699795246
412487.799798727
412487.899735928
412487.999783516
412488.09980154
412540.899735212
412540.999801397
412541.099763632
412541.199739456
412541.299786329
412541.399766445
412541.499746323
412541.599816799
412541.699751616
412541.799782038
412541.899717331
412541.999719858
412542.099723577
412542.199725866
412542.299724102
412542.399719715
412542.499870777
412542.599779844
412542.699721575
412542.799719095
412542.899780273
412542.999803066
412543.099728584
412543.199782848
412543.299801111
412543.399727345
412543.499812365
412543.599742889
412543.699781895
412543.799763441
412543.89977622
412543.999733925
412544.099780798
412544.199888945
412544.299738407
412544.399805069
412544.499793053
412544.599773407
412544.699719667
412544.79981637
412544.899754047
412544.999778271
412545.099855423
412545.199766636
412545.299722195
412545.399760962
412545.499765158
412545.599773884
412545.699734926
412545.79978323
412595.399740696
412595.499737263
412595.599812269
412595.699740887
412595.799761057
412595.899721861
412595.999722004
412596.099731922
412596.199789762
412596.299783707
412596.39978075
412596.499747992
412596.599766254
412596.699778795
412596.799750328
412596.899749041
412596.999768019
412597.099773169
412597.199764013
412597.299776077
412597.399760246
412597.499843121
412597.599777222
412597.699788809
412597.799776316
412597.89981389
412597.999728203
412598.099755287
412598.199783087
412598.299777508
412598.399751186
412598.499765873
412598.599792242
412598.69977951
412598.799791813
412598.899768591
412598.999731541
412599.099832058
412599.199733734
412599.299833775
412599.399747372
412599.499801874
412599.599732637
412599.699775934
412599.799758673
412599.899764061
412599.999744654
412600.099903584
412600.199801445
412600.299780607
412622.799830437
412622.899745941
412622.999799252
412623.099736214
412623.199750662
412623.29975009
412623.399736881
412623.499748468
412623.599742174
412623.699745417
412623.79975152
412623.899745941
412623.999801397
412624.099747181
412624.199751854
412624.299761295
412624.39975071
412624.499746561
412624.59974885
412624.699742317
412624.799790144
412624.899750948
412624.999753714
412625.099737167
412625.199732065
412625.299784899
412625.399744511
412625.49974966
412625.599736691
412625.699750423
412625.79978323
412625.899780512
412625.999815464
412626.099740505
412626.199860334
412626.299748659
412626.399744749
412626.499765158
412626.599821806
412626.699755907
412626.799778461
412626.899784803
412626.999777555
412627.099790335
412627.199752808
412627.299803734
412627.399753332
412627.499756098
412627.599773407
412652.099725008
412652.199762106
412652.299783945
412652.399782658
412652.499759197
412652.599752188
412652.699750662
412652.799755812
412652.899795532
412652.999728918
412653.09973073
412653.199726343
412653.299719334
412653.39974618
412653.499748468
412653.599723339
412653.699769974
412653.799721956
412653.89972496
412653.999725342
412654.099775076
412654.199777842
412654.299777508
412654.399770975
412654.499738693
412654.599763632
412654.699723005
412654.799775839
412654.899775267
412654.999722242
412655.099822998
412655.199733496
412655.299756289
412655.399735451
412655.499756098
412655.599767447
412655.699736834
412655.799742222
412655.899807215
412655.999722481
412656.099734545
412656.199789524
412656.299775362
412656.399768114
412656.499766827
412656.599748373
412656.699769258
412656.799876928
412656.899758577
412656.999785185
412683.499747276
412683.599750042
412683.699744225
412683.799750328
412683.899701834
412683.999746323
412684.099746466
412684.199811459
412684.299797297
412684.39979744
412684.499806643
412684.59979248
412684.699747801
412684.799748182
412684.899750471
412684.999789
412685.09975481
412685.199745417
412685.299813271
412685.399751425
412685.499746323
412685.599786997
412685.699780226
412685.799776077
412685.899731874
412685.999728918
412686.099724054
412686.199742794
412686.299761772
412686.399720669
412686.499724627
412686.599724293
412686.699749708
412686.799725056
412686.899725914
412686.99973011
412687.099764824
412687.19972682
412687.299775839
412687.399754047
412687.499728203
412687.599731445
412687.699727058
412687.799729824
412687.89976263
412687.999723434
412688.099719763
412688.199805498
412688.299724579
412688.399769306
412717.399786234
412717.499780893
412717.599794626
412717.699785233
412717.799746752
412717.899739265
412717.999726295
412718.099760294
412718.199824572
412718.299807787
412718.399779797
412718.499775887
412718.599782467
412718.699774981
412718.799742222
412718.89976716
412718.999780655
412719.099791527
412719.199770451
412719.299775124
412719.399769306
412719.499778509
412719.599777699
412719.699774027
412719.799816132
412719.899811983
412719.999779701
412720.099786043
412720.199757338
412720.299767256
412720.399790764
412720.49973917
412720.599727154
412720.699810505
412720.799735785
412720.899777174
412720.999727488
412721.099745989
412721.199718237
412721.299785137
412721.399791479
412721.499783993
412721.599792957
412721.699813366
412721.799781084
412721.899780512
412721.999789476
412722.099770308
412722.199731827
412722.299735308
412739.199821711
412739.29981041
412739.399729729
412739.49980855
412739.599802971
412739.699790239
412739.799753666
412739.899756432
412739.999789715
412740.099787474
412740.199745655
412740.299726248
412740.399778366
412740.499807596
412740.599798203
412740.699727535
412740.799803972
412740.899793386
412740.999796867
412741.099788427
412741.199766397
412741.29980278
412741.399789572
412741.499730825
412741.599740505
412741.699804544
412741.799808025
412741.899795532
412741.999731064
412742.099724293
412742.19981575
412742.299809217
412742.399793863
412742.499814987
412742.599788189
412742.699806452
412742.799837351
412742.899813414
412742.999808073
412743.099770069
412743.199790716
412743.299776316
412743.399781227
412743.499724388
412743.59989357
412743.699808836
412743.799738407
412743.899728537
412743.99976635
412767.099794149
412767.199731827
412767.299782991
412767.399744034
412767.499809504
412767.599791527
412767.699787378
412767.79976058
412767.899799109
412767.999823809
412768.099795818
412768.199786425
412768.299806595
412768.399804831
412768.499789476
412768.599747658
412768.699766159
412768.799808025
412768.899810791
412768.999758959
412769.099776268
412769.19980073
412769.29979372
412769.399791956
412769.499793053
412769.599761486
412769.699819088
412769.799779177
412769.899801016
412769.999786377
412770.099774122
412770.199793339
412770.299844742
412770.399726868
412770.499776363
412770.599761724
412770.699769974
412770.799720526
412770.899737358
412770.999727488
412771.099728584
412771.199784756
412771.29978323
412771.399726868
412771.499726057
412771.599719763
412771.69971776
412771.799804688
412771.899781466
412771.999778748
412788.199738503
412788.299732924
412788.399739742
412788.499740601
412788.599749088
412788.699739695
412788.799753904
412788.899753332
412788.999748468
412789.099745035
412789.199734449
412789.299741268
412789.399749279
412789.499756813
412789.599845409
412789.699749947
412789.79974556
412789.899760485
412789.999801397
412790.099889994
412790.199740171
412790.29974556
412790.399820805
412790.499818563
412790.599792004
412790.699746847
412790.799752951
412790.899759054
412790.99973917
412791.099778414
412791.199741602
412791.299743891
412791.399738789
412791.499761581
412791.599802732
412791.699753761
412791.799756289
412791.899725437
412791.999722958
412792.099725485
412792.199727774
412792.299780846
412792.399730682
412792.499724388
412792.599725485
412792.699724197
412792.799897671
412792.899760246
412792.99972105
412796.699749708
412796.799782991
412796.899732828
412796.999741077
412797.099728107
412797.199731588
412797.299724579
412797.399759769
412797.499720812
412797.599760532
412797.699741125
412797.799749613
412797.899740934
412797.999735594
412798.099717379
412798.199773788
412798.299733162
412798.399718761
412798.499730825
412798.599724531
412798.699735641
412798.799726725
412798.89973402
412798.999724388
412799.09972477
412799.19973588
412799.299728394
412799.399719715
412799.499767542
412799.599799633
412799.699762106
412799.799788237
412799.899754047
412799.999733925
412800.099793673
412800.199736118
412800.299790859
412800.399734497
412800.499734402
412800.599732161
412800.699723721
412800.799728632
412800.899724722
412800.99973464
412801.09973073
412801.199846506
412801.299730778
412801.399723768
412801.499726295
412801.599770784
412801.699722767
412801.799727201
412801.89972949
412801.999746323
412802.099773645
412802.199776888
412802.299766541
412802.399770498
412802.499728203
412802.599754095
412802.699748755
412802.799746037
412802.899790287
412802.999742508
412803.099755764
412803.199758768
412803.299835443
412803.399731636
412803.499772549
412803.599732399
412803.69986558
412803.799750328
412803.899760008
412803.99976778
412804.099774361
412804.199732065
412804.299783468
412804.399778605
412804.499770641
412804.599727869
412804.699728012
412804.79972434
412804.899721622
412804.99972415
412805.099743366
412805.199732065
412805.299726486
412805.399774313
412805.499775648
412805.599730015
412805.699731827
412805.799798012
412805.899758816
412805.999778032
412806.099770069
412806.199830055
412806.299788475
412806.399729252
412806.499759197
412806.599747181
412806.699739456
412806.799788475
412806.899782419
412806.999745846
412807.099771023
412807.199736118
412807.299728632
412807.399731874
412807.499767542
412807.599724531
412807.699725389
412807.799728394
412807.899723768
412807.999742508
412808.099781275
412808.199726343
412808.299792528
412808.399731636
412808.499736309
412808.599727631
412808.69983387
412808.799728155
412808.899728537
412808.999763966
412809.099751472
412809.19972682
412809.299728394
412809.399724722
412809.499729633
412809.599788427
412809.699730158
412809.799725294
412809.899724722
412809.999738693
412810.099723101
412810.199723959
412810.299726486
412810.399741173
412810.499836683
412810.599742413
412810.699769258
412810.799725056
412810.899797201
412810.999770641
412811.099802494
412811.19976902
412811.299767494
412811.399772882
412811.499734879
412811.599773407
412811.699769974
412811.799751043
412811.899783134
412811.999766588
412812.099787235
412812.199816942
412812.299776793
412812.399762154
412812.499765873
412812.599727154
412812.6997962
412812.799768448
412812.899804831
412812.999786377
412813.099788427
412813.199757338
412813.299735069
412813.399774075
412813.499818087
412813.599815845
412813.69976902
412813.7997756
412813.899784088
412813.999775648
412814.099776268
412814.199773788
412814.299765348
412814.399721861
412814.499800444
412814.599778891
412814.699980021
412814.799771786
412814.899796009
412814.999780655
412815.099790335
412815.199762344
412815.299763203
412815.399723053
412815.499751329
412815.599782467
412815.699778557
412815.79976368
412815.899722576
412815.999723434
412816.099722624
412816.199782848
412816.299906015
412816.399758339
412816.499793768
412816.59978199
412816.699775219
412816.799761057
412816.899779081
412816.999779224
412817.099778891
412817.2000916
412817.299812317
412817.399746418
412817.499761105
412817.599725962
412817.699728251
412817.79979372
412817.899791479
412817.999759912
412818.099754333
412818.19977808
412818.299820662
412818.399798155
412818.499726772
412818.5997293
412818.699787617
412818.799795151
412818.899793863
412818.99976182
412819.099779606
412819.19980979
412819.299795389
412819.399755716
412819.499897242
412819.599770308
412819.699779749
412819.799776077
412819.899782181
412819.999726772
412820.099698067
412820.199719667
412820.29971981
412820.399741173
412820.49972415
412820.599722385
412820.699746132
412820.799727201
412820.899816513
412820.999806643
412821.099951029
412821.199781418
412821.299811363
412821.399768114
412821.499793053
412821.599821329
412821.699775219
412821.799756765
412821.899805546
412821.999814272
412822.099790335
412822.199833393
412822.299790382
412822.399810076
412822.499788523
412822.599769592
412822.699791431
412822.799809217
412822.899791241
412822.999789953
412823.099770069
412823.19977212
412823.299811125
412823.399771929
412823.499736309
412823.5997684
412823.699728251
412823.799726486
412823.899774313
412823.999734879
412824.099780083
412824.19973278
412824.299758911
412824.399749041
412824.49978447
412824.599826574
412824.699768543
412824.799804211
412824.899790287
412824.999789476
412825.099720478
412825.19985199
412825.29978776
412825.399814844
412825.499775648
412825.599731684
412825.699829102
412825.79979372
412825.899782419
412825.999728203
412826.099782944
412826.199811697
412826.299753189
412826.399777651
412826.499742985
412826.599809408
412826.699813843
412826.799794197
412826.899806738
412826.999725103
412827.099809885
412827.199804068
412827.299721718
412827.399779797
412827.499812603
412827.599803448
412827.699790239
412827.799870968
412827.899784088
412827.999723196
412828.099785566
412828.199763536
412828.299770355
412828.399818182
412828.499722004
412828.599720955
412828.699795008
412828.799726963
412828.899729729
412828.999805689
412829.099798679
412829.199774981
412829.299778461
412829.39980793
412829.499806643
412829.599794149
412829.699799299
412829.799752951
412829.899744511
412829.999794483
412830.099798918
412830.199780464
412830.299762487
412830.39980197
412830.499834299
412830.599822283
412830.699790478
412830.79979682
412830.89977932
412830.999815702
412831.099769354
412831.199788809
412831.299787521
412831.399810314
412831.499739408
412831.599774837
412831.699789762
412831.799813271
412831.89982295
412831.999806881
412832.100242615
412832.199786186
412832.299820662
412832.399790287
412832.499763012
412832.59976697
412832.699783087
412832.799727917
412832.899784327
412832.999735832
412833.099785328
412833.199798346
412833.29980731
412833.399841547
412833.499744654
412833.599731684
412833.699801445
412833.799784184
412833.899791718
412833.999727964
412834.099727631
412834.199780703
412834.299775124
412834.399766684
412834.499736309
412834.599805117
412834.699800253
412834.799791336
412834.899779558
412834.999766588
412835.099792004
412835.199786901
412835.299744844
412835.399726152
412835.499815464
412835.59980154
412835.699791431
412835.79978919
412835.899768829
412835.999811411
412836.099787712
412836.19978261
412836.299952507
412836.399793148
412836.499810696
412836.599799156
412836.699761391
412836.799731255
412836.899810314
412836.999802351
412837.099789619
412837.199730635
412837.299763441
412837.399809122
412837.499809027
412837.599788189
412837.69976759
412837.799773693
412837.899803877
412837.999791861
412838.099803925
412838.199789047
412838.299792767
412838.399770021
412838.499760866
412838.599729538
412838.699779987
412838.799812555
412838.899842501
412838.999732256
412839.099812746
412839.19980669
412839.299783707
412839.399787903
412839.499725819
412839.59976387
412839.699810266
412839.799808741
412839.899755478
412839.999783516
412840.099780321
412840.19977951
412840.29979229
412840.39978981
412840.499795675
412840.599746943
412840.699775934
412840.799806118
412840.899787188
412840.999795437
412841.099786043
412841.199767351
412841.299806118
412841.399757862
412841.499794483
412841.599769115
412841.699787855
412841.799771786
412841.899793625
412841.999747038
412842.099724054
412842.199748993
412842.299787283
412842.399793386
412842.499814034
412842.599734783
412842.699781656
412842.79978919
412842.89977622
412842.999722958
412843.099722862
412843.199776411
412843.299823761
412843.399820328
412843.499786139
412843.599769592
412843.699795485
412843.799736738
412843.899826527
412843.999788761
412844.099825859
412844.199792385
412844.299785852
412844.399805307
412844.499792099
412844.599778175
412844.69976902
412844.799804926
412844.899805307
412844.999759436
412845.099769592
412845.199802876
412845.299803257
412845.399804354
412845.499784946
412845.59981966
412845.699781656
412845.79981041
412845.899783611
412845.999782562
412846.099731445
412846.199778795
412846.299726009
412846.399747849
412846.499795914
412846.599774122
412846.699789762
412846.799819469
412846.89973402
412846.999811172
412847.099802017
412847.199784279
412847.299807549
412847.399769783
412847.499822617
412847.599792957
412847.699791431
412847.799770832
412847.899754763
412847.999795437
412848.09976697
412848.199754
412848.299813747
412848.399843454
412848.499778271
412848.599737167
412848.699806929
412848.799777746
412848.899802208
412848.999797583
412849.099791527
412849.199759483
412849.299779177
412849.399796247
412849.499722958
412849.599783659
412849.699827433
412849.799782276
412849.899796247
412849.999789953
412850.099756241
412850.199778557
412850.299777746
412850.399785995
412850.499790668
412850.5997262
412850.699724197
412850.799723864
412850.89974618
412850.999776602
412851.099787712
412851.199724674
412851.299769402
412851.399806976
412851.499810457
412851.599779844
412851.699863434
412851.799802542
412851.899729729
412851.999751329
412852.099783182
412852.199784994
412852.299739361
412852.399776936
412852.499724865
412852.5997262
412852.699728012
412852.79978013
412852.899735928
412852.999770403
412853.099739552
412853.199727058
412853.299764395
412853.399769783
412853.499733448
412853.599731684
412853.699721098
412853.799761534
412853.899784803
412853.999725342
412854.099727869
412854.199735641
412854.299761534
412854.399768829
412854.499762297
412854.5997262
412854.699766159
412854.799794674
412854.899784565
412854.999774456
412855.099759579
412855.199776649
412855.299770832
412855.399777889
412855.499742746
412855.599725962
412855.699790478
412855.799779177
412855.899783373
412855.999786139
412856.099787712
412856.19980216
412856.299791574
412856.399765491
412856.49976778
412856.599726677
412856.699748278
412856.799737215
412856.899842024
412857.000246525
412857.099798679
412857.199783325
412857.299832821
412857.39977932
412857.499769688
412857.599782467
412857.699803114
412857.799773932
412857.899778843
412857.999766588
412858.099803925
412858.199740171
412858.299795628
412858.399826765
412858.499778748
412858.599794149
412858.69979763
412858.799736738
412858.89982295
412858.999772787
412859.099761724
412859.199786901
412859.299722195
412859.399762392
412859.499820471
412859.599746466
412859.699742317
412859.79975915
412859.899809122
412859.999788046
412860.099755049
412860.199790239
412860.299764156
412860.399729252
412860.499791622
412860.59981966
412860.699795246
412860.799772739
412860.899738312
412860.999740362
412861.099738836
412861.199817419
412861.29976368
412861.399771214
412861.499788523
412861.599792719
412861.699781418
412861.799727201
412861.899810314
412861.999780893
412862.099785566
412862.199807882
412862.29979372
412862.399759769
412862.499780178
412862.599806547
412862.699788332
412862.799795389
412862.899744749
412862.999765873
412863.099773645
412863.19980216
412863.299805641
412863.399790049
412863.499722958
412863.599809408
412863.69980073
412863.79979682
412863.899763584
412863.999801874
412864.099730015
412864.199876547
412864.299795866
412864.399791002
412864.499811888
412864.599755049
412864.699786186
412864.799797535
412864.899758339
412864.999741554
412865.099807978
412865.199803829
412865.299794436
412865.399790287
412865.499753237
412865.599774361
