410423.900003433
410424.000001669
410424.10005331
410424.200061798
410424.300053358
410424.400017023
410424.500012875
410424.600041151
410424.700079918
410424.800056458
410424.900057077
410425.000041485
410425.100045443
410425.200026035
410425.300055742
410425.400042057
410425.500010967
410425.600041628
410425.700115919
410425.800023079
410425.900058746
410426.000032663
410426.099997759
410426.200009823
410426.300006628
410426.400001526
410426.500049114
410426.600063324
410426.7000072
410426.80004549
410426.900036573
410427.000059128
410427.100032091
410427.200015306
410427.300038815
410427.40002656
410427.50003171
410427.600001812
410427.700011492
410427.800036192
410427.900043488
410428.000041485
410428.100017071
410428.200087309
410428.300004721
410428.400040627
410428.500140429
410428.600020885
410428.700036049
410428.800056696
410428.900141954
410428.999997854
410429.100027561
410429.200047255
410429.300047159
410429.399995089
410429.499997377
410429.599997997
410429.699996948
410429.800033569
410429.900053263
410430.000052691
410430.100059748
410430.200020075
410430.300026894
410430.400011778
410430.500048876
410430.599995136
410430.699995756
410430.800003052
410430.900049925
410431.000040054
410431.099991798
410431.200001478
410431.300010204
410431.400005341
410431.50001049
410431.599999666
410431.700022221
410431.800014734
410431.900007725
410432.000034332
410432.100021362
410432.199999094
410432.300040722
410432.400039434
410432.5
410432.600001574
410432.700044155
410432.799998045
410432.90003252
410433.000014067
410433.100043058
410433.199996471
410433.300047398
410433.400016308
410433.500048637
410433.599997997
410433.700020552
410433.800008774
410433.900002241
410434.000039101
410434.099999905
410434.199998617
410434.300046206
410434.400042057
410434.500065804
410434.600001574
410434.700016975
410434.800013542
410434.900013924
410435.000058889
410435.100012302
410435.199997187
410435.299994946
410435.399996042
410435.499996424
410435.600036383
410435.700002432
410435.800033808
410435.899996519
410435.999994516
410436.099996567
410436.200056553
410436.30000639
410436.400007725
410436.500062466
410436.600004196
410436.699997187
410436.800001621
410436.900057316
410437.000020981
410437.100001574
410437.200000525
410437.300008059
410437.400041103
410437.500049591
410437.600008488
410437.700002193
410437.800075293
410437.900134802
410438.000013828
410438.10002017
410438.200041771
410438.300077915
410438.400046825
410438.500009537
410438.600016117
410438.700006247
410438.800012589
410438.900006771
410439.00000906
410439.100016594
410439.20000577
410439.300047636
410439.400047064
410439.500016928
410439.599997997
410439.700118065
410439.800106287
410439.899998426
410439.999999762
410440.100001574
410440.200049639
410440.30000639
410440.400007248
410440.500046015
410440.600047112
410440.700011492
410440.80000782
410440.900091887
410441.000080824
410441.10005188
410441.200011492
410441.30004096
410441.400015593
410441.50006485
410441.599999428
410441.70004344
410441.799993753
410441.900010586
410442.000034332
410442.099997282
410442.200000763
410442.300003529
410442.400002956
410442.500038624
410442.600236654
410442.700014353
410442.800020218
410442.900007486
410443.000017881
410443.100005627
410443.200028419
410443.300010204
410443.400030375
410443.500006437
410443.600031853
410443.700072765
410443.800015211
410443.90003705
410443.999999523
410444.100030184
410444.20003438
410444.300024748
410444.40003252
410444.499997377
410444.600029469
410444.700064182
410444.800006628
410444.900003195
410445.000023842
410445.100025177
410445.20000267
410445.300001144
410445.400000334
410445.500008345
410445.600054026
410445.700137377
410445.800055265
410445.899999619
410445.999996185
410446.100068092
410446.199992418
410446.299989939
410446.400002718
410446.5000453
410446.600009203
410446.700033188
410446.799996853
410446.899995804
410447.000059843
410447.10001421
410447.200006008
410447.300003529
410447.400084496
410447.500053406
410447.600003958
410447.700001478
410447.800002337
410447.900309801
410448.000101328
410448.099996805
410448.200059652
410448.300091267
410448.40005064
410448.500012398
410448.600004673
410448.700004339
410448.800056458
410448.900029421
410448.999999285
410449.09999752
410449.200049639
410449.30000639
410449.400009871
410449.500062466
410449.600007057
410449.700009346
410449.800042152
410449.900052786
410449.999991655
410450.100065708
410450.200089693
410450.300046682
410450.400006294
410450.500001907
410450.600003481
410450.700052261
410450.800048351
410450.900055885
410451.000056982
410451.100004911
410451.200015068
410451.30000782
410451.40000844
410451.500154257
410451.6000278
410451.700004339
410451.80004096
410451.900002003
410452.000268459
410452.100012302
410452.200001001
410452.300035238
410452.400009871
410452.500000477
410452.600006342
410452.699999571
410452.800183773
410452.90005374
410453.000002623
410453.100005627
410453.200001001
410453.300031662
410453.400003672
410453.500029087
410453.600059986
410453.700006247
410453.799998283
410453.900000095
410454.000000715
410454.10000062
410454.199999094
410454.300042391
410454.400014162
410454.500000954
410454.600041866
410454.700013876
410454.80004859
410454.900007248
410455.000001192
410455.100021362
410455.20002079
410455.300008297
410455.400033236
410455.500024557
410455.600063086
410455.700020313
410455.800053596
410455.900005102
410456.000003338
410456.100041389
410456.200060844
410456.300044537
410456.400067568
410456.500075579
410456.600005627
410456.700033665
410456.800058365
410456.900052309
410457.000054836
410457.100030899
410457.200031996
410457.300000906
410457.400068521
410457.500022888
410457.600048542
410457.700073957
410457.800055981
410457.900053024
410458.00002408
410458.100131273
410458.200007915
410458.300035954
410458.400062084
410458.500125647
410458.600004196
410458.700052738
410458.800009727
410458.900066137
410459.000089645
410459.099999666
410459.200022697
410459.300054312
410459.400052309
410459.500048876
410459.600052118
410459.700018644
410459.800048113
410459.900059938
410460.000066042
410460.100093842
410460.200073481
410460.300060749
410460.400060892
410460.500091314
410460.60001874
410460.700057268
410460.800039768
410460.90004921
410460.999997616
410461.100014448
410461.200104952
410461.300063848
410461.40004468
410461.500055552
410461.600008965
410461.700063705
410461.800068617
410461.900057793
410462.000053167
410462.10006094
410462.200050354
410462.300051212
410462.400063276
410462.500027418
410462.600052118
410462.700053215
410462.800047636
410462.900048494
410463.000213385
410463.100003242
410463.200105667
410463.300047398
410463.400049448
410463.500046253
410463.600042343
410463.700021505
410463.80009675
410463.90000248
410464.000043392
410464.100007534
410464.200041771
410464.300062895
410464.400105715
410464.500046015
410464.600044727
410464.700037003
410464.800058126
410464.900062323
410465.000058174
410465.10005188
410465.200052261
410465.30010128
410465.400054455
410465.500059366
410465.600065708
410465.700046539
410465.800034285
410465.9001894
410466.000056028
410466.100054502
410466.2000525
410466.300047874
410466.400055885
410466.50006032
410466.600048542
410466.70004034
410466.800032377
410466.900042057
410467.000003576
410467.10000658
410467.200119257
410467.300010204
410467.400060892
410467.500057697
410467.600101709
410467.700052023
410467.800044298
410467.900041103
410467.999998808
410468.100110531
410468.200036764
410468.300059557
410468.400057316
410468.500055552
410468.600049019
410468.700049877
410468.800002813
410468.90010047
410469.000102758
410469.10020709
410469.200068951
410469.300053835
410469.400045872
410469.500105858
410469.600055933
410469.70005703
410469.800042391
410469.900055408
410470.000046492
410470.100071907
410470.200057507
410470.300071001
410470.400083065
410470.500052214
410470.600046873
410470.70006156
410470.800052404
410470.900052786
410471.000043392
410471.100052357
410471.200063467
410471.300058365
410471.400053024
410471.50003767
410471.600044489
410471.700055599
410471.800055265
410471.900062561
410472.000092983
410472.100143194
410472.200021505
410472.300058126
410472.400054455
410472.500035048
410472.60005188
410472.700023651
410472.800042152
410472.900004387
410473.000005245
410473.100091219
410473.200034618
410473.300052881
410473.400060177
410473.500055075
410473.600063324
410473.70007062
410473.800051928
410473.900056601
410474.000041246
410474.100085258
410474.200049877
410474.300052166
410474.400054216
410474.500049114
410474.600039244
410474.70004034
410474.800056696
410474.900056362
410475.000050783
410475.100045204
410475.200063705
410475.300056219
410475.400052309
410475.500050068
410475.60005331
410475.700051785
410475.800110579
410475.90005517
410476.000015497
410476.100040674
410476.200036526
410476.300031662
410476.400012493
410476.500053883
410476.600061417
410476.700070381
410476.800052404
410476.900081396
410477.000015497
410477.100039005
410477.200037003
410477.300004959
410477.399997473
410477.500039816
410477.600063562
410477.700054884
410477.800073624
410477.900070906
410478.000052691
410478.100019455
410478.200060844
410478.300049782
410478.40005064
410478.500035286
410478.600003481
410478.700038433
410478.800038338
410478.900033474
410479.000049829
410479.100062847
410479.200068235
410479.300060987
410479.400016308
410479.500047684
410479.600073099
410479.700057507
410479.800043821
410479.900047302
410480.000047207
410480.099994421
410480.200059175
410480.29999876
410480.400029898
410480.500053883
410480.60003233
410480.700048447
410480.79999733
410480.900042772
410481.000059128
410481.100064039
410481.200041056
410481.300009727
410481.400081873
410481.500053644
410481.600047827
410481.700006723
410481.800015688
410481.900053501
410482.000056505
410482.100012302
410482.200017929
410482.300060272
410482.400068045
410482.500007868
410482.600049734
410482.700005531
410482.800002337
410482.899998188
410483.000019789
410483.100056887
410483.200061083
410483.300056696
410483.400003672
410483.500041723
410483.600010395
410483.700057507
410483.800042391
410483.900034428
410483.999998093
410484.100005627
410484.200051308
410484.30000329
410484.400052547
410484.500065327
410484.600046873
410484.700061083
410484.800001621
410484.900000572
410485.00003624
410485.100031137
410485.200023413
410485.300050974
410485.399996519
410485.500038385
410485.600054502
410485.700003386
410485.800008059
410485.90003562
410486.000002384
410486.100084543
410486.200011253
410486.300009727
410486.400069237
410486.500053406
410486.600059748
410486.700059652
410486.800051212
410486.900052071
410487.000072241
410487.100060225
410487.200059652
410487.300051689
410487.400029898
410487.500059843
410487.600054741
410487.700018644
410487.800056219
410487.900020599
410488.00010848
410488.100067854
410488.200057745
410488.300012112
410488.400029182
410488.500032187
410488.600150585
410488.700013399
410488.800051689
410488.900048494
410489.000052214
410489.100045919
410489.200046778
410489.300073385
410489.400035858
410489.500048637
410489.60004735
410489.700052977
410489.800052404
410489.900050402
410489.99999094
410490.100059271
410490.200044394
410490.299999714
410490.400105238
410490.500041485
410490.600012064
410490.700083256
410490.800060034
410490.900057077
410491.000038624
410491.100097895
410491.20004034
410491.300007105
410491.400003433
410491.500061989
410491.600061893
410491.70003891
410491.799998283
410491.900008917
410492.000056267
410492.100061417
410492.20008707
410492.30005312
410492.400299072
410492.50002718
410492.60006237
410492.70004487
410492.80006361
410492.900029182
410493.000055552
410493.100055218
410493.200061083
410493.300033569
410493.400043249
410493.500051737
410493.600021362
410493.70005393
410493.800033331
410493.900036573
410494.000098228
410494.100060463
410494.200036526
410494.300046444
410494.400058031
410494.500038862
410494.60003686
410494.700006962
410494.800005674
410494.900061369
410495.000053883
410495.100087881
410495.200046539
410495.300039768
410495.400058031
410495.500059843
410495.600054979
410495.700032949
410495.800041914
410495.900052547
410496.000109673
410496.100049973
410496.200051308
410496.300045252
410496.400038242
410496.500075817
410496.600033522
410496.700087309
410496.800055265
410496.900070429
410497.000057697
410497.100050926
410497.20005393
410497.300007343
410497.400056362
410497.500051498
410497.600107431
410497.700001478
410497.800094128
410497.900138378
410498.000023842
410498.100000858
410498.200042963
410498.30005455
410498.400052547
410498.500053644
410498.600046873
410498.700052977
410498.800002337
410498.900064707
410499.000051975
410499.100043058
410499.200000048
410499.300008535
410499.400063276
410499.500057936
410499.600049734
410499.700056553
410499.800001621
410499.9000144
410500.0000453
410500.100016356
410500.20004487
410500.300057411
410500.400061607
410500.500050545
410500.600003958
410500.700002909
410500.800071955
410500.900052547
410501.000000477
410501.099997044
410501.200057983
410501.300044537
410501.400046349
410501.500043392
410501.600117207
410501.700005531
410501.800030708
410501.900009871
410502.000037909
410502.100068092
410502.200020552
410502.30005455
410502.399997711
410502.500000954
410502.600042343
410502.700032234
410502.800072908
410502.900041342
410503.000054836
410503.100037336
410503.20004344
410503.300049305
410503.400020599
410503.500043869
410503.600059032
410503.700042248
410503.800056458
410503.900069475
410504.000049353
410504.100093126
410504.200017691
410504.300056934
410504.400047779
410504.500125885
410504.600063324
410504.700095654
410504.800094128
410504.90005064
410505.000059605
410505.100054264
410505.20003438
410505.300051212
410505.400085449
410505.500066519
410505.600083113
410505.700056791
410505.800066233
410505.899999619
410506.00009203
410506.100096226
410506.200008154
410506.300058842
410506.400054455
410506.500098467
410506.60002017
410506.700002909
410506.799996376
410506.900054693
410507.000013351
410507.100050926
410507.200089931
410507.300057888
410507.400010824
410507.500048399
410507.599999666
410507.700006962
410507.800058842
410507.900038004
410508.000063658
410508.10001564
410508.200009108
410508.300043821
410508.400062084
410508.500044346
410508.600184917
410508.700013161
410508.800059795
410508.900058985
410509.000035286
410509.100087881
410509.200017214
410509.30005002
410509.400051355
410509.500043869
410509.600035667
410509.700038433
410509.800033092
410509.900055647
410510.000056028
410510.100062609
410510.20005703
410510.300050259
410510.400051117
410510.500007868
410510.600097895
410510.700088024
410510.800023317
410510.900064468
410511.000055552
410511.100050211
410511.199999571
410511.300002098
410511.400059462
410511.500035524
410511.600050688
410511.700052023
410511.800064564
410511.900097132
410512.000053167
410512.100038528
410512.200047016
410512.300045013
410512.400063992
410512.500045776
410512.600033522
410512.70005703
410512.800000191
410512.900065184
410513.00007844
410513.100005388
410513.200054646
410513.300059319
410513.400031328
410513.500089645
410513.600010633
410513.7000525
410513.800054073
410513.900043726
410514.000040531
410514.100033998
410514.200009584
410514.300055265
410514.400055647
410514.500016928
410514.600043535
410514.700043678
410514.800085306
410514.900038004
410515.000069857
410515.100110054
410515.199997902
410515.300069571
410515.400059223
410515.500048161
410515.600049734
410515.70000124
410515.800036669
410515.900033712
410516.000056028
410516.100048542
410516.200048923
410516.300051689
410516.400136471
410516.499998569
410516.599998951
410516.700088739
410516.799999952
410516.900015593
410517.000056505
410517.100047827
410517.200056791
410517.300054073
410517.400045872
410517.500040293
410517.600067616
410517.700020313
410517.800030947
410517.899998188
410517.999997139
410518.100051641
410518.20007205
410518.300050259
410518.400003195
410518.500020504
410518.600051641
410518.700056314
410518.800055265
410518.900051355
410519.000025034
410519.100027084
410519.200015545
410519.300126076
410519.400088549
410519.500065804
410519.600052357
410519.700028896
410519.800036907
410519.900098085
410520.000053883
410520.100053072
410520.200098991
410520.300056219
410520.400046825
410520.500040054
410520.600052834
410520.700092793
410520.800061464
410520.900006294
410521.000002384
410521.100004435
410521.200000048
410521.300052881
410521.400029659
410521.500053644
410521.600102425
410521.700046539
410521.800044537
410521.900011539
410522.000040293
410522.100091457
410522.20005703
410522.300052404
410522.400040627
410522.499995232
410522.600030422
410522.700044155
410522.800050259
410522.900046349
410523.000066996
410523.100036621
410523.20003438
410523.300092697
410523.400052786
410523.500002146
410523.600031614
410523.700046301
410523.800103903
410523.900004625
410524.000044584
410524.100048304
410524.200031519
410524.299996138
410524.400012255
410524.50006938
410524.600030422
410524.700006723
410524.800063848
410524.900044441
410524.999994516
410525.099995852
410525.200055122
410525.30011034
410525.400045395
410525.499993563
410525.599994898
410525.700000525
410525.800048351
410525.90000391
410526.000003576
410526.100093603
410526.200073481
410526.300044298
410526.40005517
410526.500029802
410526.599999905
410526.7000525
410626.900044203
410627.000084639
410627.100083113
410627.20010376
410627.300058603
410627.400084734
410627.500067472
410627.600039244
410627.700041533
410627.800055742
410627.900005102
410628.000060558
410628.100009441
410628.200011015
410628.30008626
410628.400068045
410628.50005722
410628.600052357
410628.700056791
410628.800086021
410628.900057316
410629.000093937
410629.100003481
410629.200056553
410629.300038099
410629.400043726
410629.500056267
410629.600070953
410629.700071096
410629.800044775
410629.900007963
410630.000056028
410630.100082397
410630.200019121
410630.300054073
410630.40008378
410630.500087023
410630.600006819
410630.700003147
410630.800082922
410630.900014877
410631.000086308
410631.100002766
410631.200026989
410631.300061464
410631.400050402
410631.500000477
410631.600136757
410631.700047493
410631.80007863
410688.600075722
410688.700006723
410688.800003529
410688.900043249
410689.000001192
410689.100044727
410689.200006962
410689.300008774
410689.400036573
410689.500099659
410689.600046873
410689.700017691
410689.800028563
410689.900050402
410690.00003171
410690.100053787
410690.200002193
410690.300064325
410690.4000144
410690.500046015
410690.600040674
410690.700036764
410690.800088644
410690.90003252
410690.999999285
410691.099996567
410691.200002193
410691.300083876
410691.400007963
410691.500002861
410691.600031614
410691.700006485
410691.800000191
410691.89999938
410692.000057459
410692.100013018
410692.200015306
410692.29999876
410692.39999795
410692.500002384
410692.600003481
410692.699999809
410692.800007343
410692.90004015
410693.000005007
410693.100030899
410693.19999671
410693.30000186
410693.400043249
410693.500000238
410732.70001626
410732.800060511
410732.900073528
410733.000051498
410733.100054741
410733.200006247
410733.300065517
410733.400069714
410733.500072002
410733.600010395
410733.70004034
410733.800102711
410733.90003705
410734.000015497
410734.100003958
410734.200036526
410734.300092936
410734.40004158
410734.50002718
410734.600045443
410734.700001717
410734.800028801
410734.900080919
410735.000079393
410735.100058556
410735.200040102
410735.300089836
410735.400095224
410735.50007534
410735.600001574
410735.700030327
410735.800070524
410735.900046825
410736.000074863
410736.100056887
410736.200005293
410736.300034046
410736.400012255
410736.500053167
410736.600015879
410736.700053453
410736.800043344
410736.900056601
410737.000057697
410737.100070715
410737.200043201
410737.300057411
410737.400073767
410737.500005484
410802.600003242
410802.700004578
410802.800020456
410802.900003195
410803.000010252
410803.100008726
410803.200009823
410803.30005312
410803.400025368
410803.500084639
410803.600061417
410803.700030804
410803.80005002
410803.900069952
410804.000071287
410804.10006547
410804.200022221
410804.300035238
410804.400019169
410804.500212193
410804.599994659
410804.700018644
410804.800027132
410804.900039673
410805.000046015
410805.100022316
410805.200005054
410805.30001688
410805.400009155
410805.500005484
410805.600035906
410805.700043917
410805.800011158
410805.900027752
410806.000031233
410806.100009203
410806.200006485
410806.300011158
410806.400009871
410806.500012159
410806.600051165
410806.700060844
410806.800006866
410806.900004864
410807.000004292
410807.100042105
410807.20000577
410807.300037861
410807.400010347
410807.500005484
410960.800018311
410960.90003252
410961.000006676
410961.100042582
410961.200081587
410961.300080538
410961.400065422
410961.500037193
410961.60005641
410961.700006247
410961.800081253
410961.900083065
410962.000073671
410962.100036383
410962.200053215
410962.300086021
410962.400076628
410962.500034809
410962.600061178
410962.700048923
410962.800002575
410962.900218248
410963.00000453
410963.100085974
410963.200072765
410963.300082684
410963.400052786
410963.500093937
410963.600073338
410963.700026274
410963.800239086
410963.900051117
410964.0000844
410964.100083351
410964.200095415
410964.300072193
410964.400036812
410964.500043869
410964.600132465
410964.700082302
410964.800073147
410964.900067568
410965.000065565
410965.100034237
410965.200088978
410965.300069809
410965.400014639
410965.500031233
410965.600085735
410965.700063467
410992.800019741
410992.900042534
410993.000064611
410993.100013733
410993.200048208
410993.300080776
410993.400038242
410993.500079632
410993.600003958
410993.700004101
410993.800001144
410993.900052786
410994.000107288
410994.100068808
410994.200030327
410994.300068855
410994.400064945
410994.50006485
410994.600072861
410994.700052261
410994.800000429
410994.900044918
410995.000041962
410995.100056887
410995.2000103
410995.300038099
410995.400014162
410995.5000453
410995.600072145
410995.70007205
410995.800069332
410995.900106907
410996.00005722
410996.10008502
410996.200083733
410996.30006814
410996.400001526
410996.500063419
410996.600015879
410996.700070381
410996.800057173
410996.900057554
410997.000053406
410997.100106239
410997.200024605
410997.3000772
410997.400078535
410997.500081301
410997.600083113
410997.700102091
411193.400061369
411193.500001192
411193.600040674
411193.700062037
411193.799999714
411193.899999619
411194.000012875
411194.100071192
411194.200074673
411194.300086737
411194.400051117
411194.500041485
411194.600119829
411194.70001626
411194.800050974
411194.900054693
411195.00006628
411195.100060225
411195.200070858
411195.300060511
411195.400031805
411195.500005484
411195.600070477
411195.70009923
411195.800045013
411195.900071383
411196.000022411
411196.100000143
411196.200018167
411196.30004096
411196.400057554
411196.500030518
411196.600092888
411196.700064898
411196.800057411
411196.900146723
411197.000048161
411197.100077629
411197.20006752
411197.300003052
411197.400045156
411197.500062227
411197.600083113
411197.700067043
411197.800051928
411197.900047541
411198.000027418
411198.100087404
411223.600052357
411223.700045109
411223.800059795
411223.900104523
411224.000232458
411224.100066662
411224.2000947
411224.300044298
411224.400027514
411224.500084639
411224.600087166
411224.700074673
411224.800067663
411224.900050163
411225.000106812
411225.10010767
411225.200072765
411225.30006814
411225.400001049
411225.5000875
411225.60008359
411225.700104952
411225.80008316
411225.900049448
411226.000003338
411226.100056171
411226.200049639
411226.30005908
411226.40001893
411226.500006914
411226.600034237
411226.700060368
411226.800008059
411226.900096416
411227.000068665
411227.100081921
411227.200088501
411227.300082207
411227.4000597
411227.500080347
411227.600099564
411227.700018167
411227.800087929
411227.900085449
411228.000012398
411228.100077868
411228.20007515
411228.300087214
411228.400099993
411228.500086308
411361.400027514
411361.500066042
411361.600030184
411361.700021982
411361.800028324
411361.900015593
411362.000109911
411362.100020885
411362.200030088
411362.300023556
411362.400022268
411362.500083447
411362.600043297
411362.700088978
411362.800074816
411362.900047541
411363.000017881
411363.100000858
411363.20007062
411363.300044775
411363.400049686
411363.500072241
411363.600034475
411363.699998617
411363.800039053
411363.900006771
411364.000027418
411364.100004911
411364.200038671
411364.300003052
411364.39999938
411364.499999285
411364.600016594
411364.700002909
411364.800009966
411364.900069714
411365.00005579
411365.100045919
411365.20005393
411365.300037384
411365.400007725
411365.500005484
411365.600059986
411365.700037956
411365.800052881
411365.900045156
411366.000011206
411366.100001812
411366.200004578
411368.500092268
411369.800033331
411369.900017023
411370.000053406
411370.100014925
411370.20001483
411370.300091267
411370.400021315
411370.500105619
411370.600030661
411370.700024605
411370.800024509
411370.900022507
411371.00002265
411371.10001874
411371.200017214
411371.300056934
411371.400017738
411371.50001812
411371.600008249
411371.700007915
411371.800048113
411371.900027275
411372.000029325
411372.100001574
411372.200023413
411372.300098181
411372.400007248
411372.500061035
411372.600049973
411372.700039387
411372.800037622
411372.900007248
411373.000048161
411373.100074053
411373.200028181
411373.300042391
411373.400117636
411373.500057459
411373.600022793
411373.700051785
411373.800057888
411373.900070906
411374.000076294
411374.100049496
411374.200176477
411374.300451279
411374.400013924
411374.500082254
411374.600040436
411374.700048447
411374.800050259
411374.900013685
411375.000048399
411375.100031853
411375.200085878
411375.30004096
411375.400039434
411375.500007391
411375.600007057
411375.700061798
411375.800058126
411375.900043011
411375.999996901
411376.10004282
411376.20005846
411376.300048113
411376.399999142
411376.500007629
411376.600034237
411376.70003581
411376.800003767
411376.900003433
411377.000002861
411377.100049019
411377.200216532
411377.300017357
411377.400034189
411377.499995947
411377.600000143
411377.699997902
411377.800008297
411377.900052547
411378.000008106
411378.100001335
411378.200050354
411378.300004959
411378.400029898
411378.500041962
411378.600053787
411378.700041771
411378.800002098
411378.900043011
411379.000053167
411379.100068569
411379.200007915
411379.300054312
411379.400039911
411379.499999523
411379.600054502
411379.700014114
411379.800035954
411379.900024414
411380.00005722
411380.099999189
411380.20002079
411380.299999475
411380.400020599
411380.500003338
411380.600043774
411380.700050354
411380.800003052
411380.900046825
411381.000008106
411381.100028753
411381.200006962
411381.300022602
411381.400012732
411381.500005484
411381.600021601
411381.700028181
411381.800024748
411381.900011778
411382.000042915
411382.100033283
411382.200002909
411382.300009727
411382.400000095
411382.499999523
411382.600008488
411382.700006962
411382.800042629
411382.900009155
411383.000095129
411383.100042105
411383.200023174
411383.300011635
411383.400022268
411383.50013566
411383.600092173
411383.700005531
411383.800003767
411383.900002003
411384.000003576
411384.100003958
411384.200038195
411384.300016165
411384.400043249
411384.499999762
411384.600004911
411384.700027704
411384.800037384
411384.899996758
411385.000078678
411385.100059986
411385.200001955
411385.300050259
411385.400024891
411385.5
411385.600031614
411385.700019836
411385.800000191
411385.900042534
411386.00001502
411386.100024939
411386.20001483
411386.300020456
411386.400011063
411386.500002146
411386.600044966
411386.700025797
411386.800027132
411386.900010824
411387.000010967
411387.100006819
411387.200006008
411387.300010204
411387.400008202
411387.500050545
411387.600003004
411387.700000525
411387.800049305
411387.900005817
411388.000005484
411388.100044489
411388.200006008
411388.300007582
411388.40000701
411388.500003099
411388.600100517
411388.700011015
411388.800009727
411388.900042295
411389.000003815
411389.100050211
411389.200012922
411389.300009012
411389.400001764
411389.499998569
411389.599998236
411389.700027704
411389.800033808
411389.900000811
411390.000000954
411390.100001812
411390.200006247
411390.300003529
411390.400002956
411390.500003338
411390.600000143
411390.700009823
411390.800127506
411390.900020838
411391.000000954
411391.100004196
411391.200006962
411391.300002337
411391.400002718
411391.500008345
411391.600008249
411391.700046539
411391.800002813
411391.900033951
411392.000091791
411392.100055218
411392.200012445
411392.300109386
411392.400007725
411392.500038624
411392.600003958
411392.700011492
411392.80004406
411392.900016785
411393.000063658
411393.100010633
411393.200004339
411393.300003052
411393.400053024
411393.500010967
411393.600008965
411393.700006247
411393.800038338
411393.90007019
411394.000077486
411394.100055456
411394.200005054
411394.300009251
411394.400005341
411394.500046492
411394.600029469
411394.700075388
411394.800010204
411394.900002241
411395.000011206
411395.100025654
411395.2000103
411395.300007343
411395.400036812
411395.500000238
411395.600003242
411395.700062513
411395.80000782
411395.900004387
411396.000001669
411396.10001111
411396.200047255
411396.300018787
411396.400091648
411396.500008345
411396.600010395
411396.700013399
411396.800048828
411396.900016069
411397.000007153
411397.09999752
411397.199998617
411397.299998999
411397.4000175
411397.500057697
411397.600023031
411397.700048685
411397.800013781
411397.900011301
411398.000000715
411398.100002527
411398.200003386
411398.300003767
411398.400047779
411398.500005245
411398.60000062
411398.700042486
411398.800079584
411398.900006771
411399.000012398
411399.100008965
411399.200003624
411399.30004406
411399.400001764
411399.500009298
411399.600011826
411399.700017214
411399.80006361
411399.900019884
411400.000003338
411400.10002923
411400.200073719
411400.300049782
411400.400046587
411400.500041962
411400.600032091
411400.700101137
411400.800004482
411400.900058746
411401.000044346
411401.100009203
411401.200056553
411401.300053358
411401.40002799
411401.500117302
411401.600030422
411401.700038195
411401.800073624
411401.900107622
411402.000016928
411402.100069523
411402.200013876
411402.300082445
411402.400005102
411402.500038147
411402.600052357
411402.700022697
411402.800002575
411402.900028467
411403.000000238
411403.100013494
411403.200003386
411403.300008535
411403.400066614
411403.500032425
411403.600071192
411403.699999332
411403.800015688
411403.900002956
411404.000053167
411404.100053549
411404.200006485
411404.300004482
411404.400010347
411404.500007868
411404.600045443
411404.700006485
411404.800048828
411404.900082827
411405.000060797
411405.100052357
411405.200004101
411405.300004959
411405.400039434
411405.500011444
411405.600005865
411405.700047493
411405.800051212
411405.900063992
411406.000002861
411406.100000143
411406.200051308
411406.300067663
411406.400035143
411406.500003099
411406.599997997
411406.70000267
411406.800009251
411406.900040388
411407.000001192
411407.100022316
411407.200027943
411407.299997091
411407.400044441
411407.50002265
411407.600040913
411407.700007439
411407.800088406
411407.900019884
411408.000021696
411408.100050211
411408.200059175
411408.300063133
411408.400055885
411408.500015974
411408.600059271
411408.700022459
411408.800023556
411408.900006533
411409.000000238
411409.100005627
411409.199999094
411409.300032377
411409.400007963
411409.500025511
411409.599998713
411409.700011015
411409.800004959
411409.90000248
411410.000006676
411410.100002766
411410.200002193
411410.300006628
411410.400000811
411410.500008821
411410.600019217
411410.700014353
411410.799998999
411410.899996996
411411.000058889
411411.100070715
411411.200041771
411411.300058126
411411.400081635
411411.500010252
411411.600081205
411411.70001173
411411.800008059
411411.900160074
411412.000018358
411412.100040674
411412.200042963
411412.300006866
411412.400043726
411412.500005722
411412.600022078
411412.700092077
411412.800003767
411412.900039196
411413.000002146
411413.100016832
411413.200000763
411413.300029516
411413.400033236
411413.500297546
411413.60000062
411413.700045586
411413.800063848
411413.900052547
411414.000045776
411414.100083351
411414.200054169
411414.300108194
411414.39999938
411414.500045776
411414.600001097
411414.700356722
411414.800010204
411414.900045633
411415.000067472
411415.100141525
411415.200008154
411415.300006866
411415.400062561
411415.500001192
411415.600079298
411415.700079441
411415.800119638
411415.900104284
411416.000067234
411416.100058079
411416.200092077
411416.30007267
411416.400035858
411416.5000422
411416.600075006
411416.700061083
411416.800022602
411416.900038958
411417.000037432
411417.100099087
411417.200004101
411417.300001621
411417.400044918
411417.500030041
411417.6000247
411417.700065851
411417.80006361
411417.9000175
411418.000007868
411418.100047112
411418.200046539
411418.300081491
411418.400085211
411418.500003338
411418.600004673
411418.700047016
411418.800054312
411418.900002241
411419.000055552
411419.100040913
411419.20000267
411419.300053835
411419.400003433
411419.50001049
411419.600044727
411419.700000286
411419.800226688
411419.900005579
411420.000092506
411420.100054502
411420.199993849
411420.300051689
411420.400131464
411420.500043154
411420.600040674
411420.699999094
411420.800002098
411420.900003195
411421.0000453
411421.100010872
411421.200001717
411421.300008297
411421.400005817
411421.500006437
411421.600016117
411421.700006962
411421.800007105
411421.90000701
411422.000059366
411422.100050926
411422.20000267
411422.300001144
411422.400001049
411422.500059128
411422.60006547
411422.700077295
411422.800065041
411422.900068283
411423.000048876
411423.100063324
411423.200093985
411423.300060987
411423.400062323
411423.500000477
411423.600041866
411423.700056791
411423.80000186
411423.900001764
411424.000020981
411424.100007772
411424.200009584
411424.300010443
411424.400046825
411424.500059843
411424.600045443
411424.700100899
411424.800025463
411424.900002003
411425.000053406
411425.100025177
411425.200036764
411425.300046206
411425.400071859
411425.500001431
411425.60008812
411425.70007515
411425.800061703
411425.900079489
411426.000070333
411426.100042105
411426.200052261
411426.300067663
411426.400064707
411426.500063658
411426.600079298
411426.700075626
411426.800083637
411426.900093794
411427.000049353
411427.100041151
411427.200002432
411427.300082207
411427.400087833
411427.500071526
411427.600035429
411427.699997902
411427.800063848
411427.900083542
411428.000086308
411428.100068092
411428.200036287
411428.300064802
411428.400086403
411428.500077009
411428.600066185
411428.700066328
411428.800060272
411428.900052071
411429.000043631
411429.100069046
411429.200034618
411429.300032616
411429.400038242
411429.500056505
411429.600053787
411429.700052261
411429.800063133
411429.900027752
411430.000044823
411430.100043535
411430.200095177
411430.300019741
411430.400117636
411430.500046968
411430.600006342
411430.700041771
411430.800081253
411430.90006876
411430.999999762
411431.100061655
411431.200000048
411431.300002813
411431.399996996
411431.50006938
411431.600051165
411431.700085163
411431.800067663
411431.900034428
411432.000025272
411432.100015163
411432.200091839
411432.30006671
411432.400100231
411432.500040054
411432.600061655
411432.700076103
411432.800088644
411432.900087118
411433.000072718
411433.100078344
411433.200137854
411433.300095797
411433.40007329
411433.500038147
411433.600045681
411433.700060844
411433.800080538
411433.90005517
411434.000016451
411434.100068808
411434.200100183
411434.300043821
411434.400007486
411434.500094414
411434.600066423
411434.700065613
411434.800104141
411434.900054216
411435.000061035
411435.100062609
411435.200062513
411435.300061226
411435.400045395
411435.500040054
411435.600041866
411435.700001955
411435.800002337
411435.900001049
411436.000087023
411436.100075245
411436.200031281
411436.300079107
411436.400060415
411436.500057936
411436.600055456
411436.700063944
411436.80007863
411436.90007329
411437.00006938
411437.100059986
411437.200013876
411437.300064325
411437.399997234
411437.500058413
411437.600025892
411437.70005703
411437.800040483
411437.900068045
411438.000016689
411438.100091219
411438.200074673
411438.30000639
411438.400076866
411438.500044823
411438.600054502
411438.700077534
411438.800088167
411438.900071383
411439.00003767
411439.100045919
411439.200070381
411439.3000772
411439.400061131
411439.500023842
411439.600060463
411439.700097084
411439.800003767
411439.900043011
411440.000032663
411440.100049019
411440.200065136
411440.300107002
411440.400062084
411440.500005722
411440.60007
411440.700068474
411440.800060034
411440.90006566
411441.000108957
411441.100070477
411441.200118065
411441.300013781
411441.400089025
411441.500051498
411441.600071907
411441.700017691
411441.80011487
411441.900018454
411442.000068665
411442.100049257
411442.200058937
411442.300024509
411442.40009737
411442.500036001
411442.600043058
411442.700001955
411442.800002813
411442.899991035
411443.000008821
411443.100018263
411443.200029612
411443.300009727
411443.400074005
411443.50003314
411443.600055456
411443.70008111
411443.800062895
411443.900039673
411444.000058651
411444.100101471
411444.200068951
411444.300112247
411444.400106668
411444.500085115
411444.600090265
411444.700067282
411444.800041676
411444.900005579
411445.000094414
411445.100080252
411445.200097799
411445.300013304
411445.400084019
411445.500077486
411445.600045204
411445.700016499
411445.800034761
411445.900036097
411446.000048876
411446.100083351
411446.200091839
411446.300050497
411446.400016069
411446.500080585
411446.600072145
411446.700022221
411446.800009251
411446.900080919
411447.00007534
411447.10006094
411447.200093508
411447.300057888
411447.400080204
411447.500065804
411447.600067616
411447.700032949
411447.800058365
411447.900086641
411448.000072002
411448.100000858
411448.200047731
411448.300092697
411448.400087357
411448.500030279
411448.600051403
411448.700033665
411448.800046921
411448.900004387
411449.000015259
411449.099994898
411449.20007205
411449.300048351
411449.400087357
411449.499993086
411449.600077629
411449.700070858
411449.800033092
411449.90008378
411450.000056267
411450.100142717
411450.20005846
411450.300103664
411450.400058031
411450.500106812
411450.600026131
411450.700056076
411450.80003643
411450.900062561
411451.000096798
411451.100290775
411451.200084686
411451.300030231
411451.40006876
411451.500022411
411451.600011587
411451.70008707
411451.800065517
411451.900042772
411452.000020981
411452.100071907
411452.199989796
411452.300081015
411452.400107861
411452.500062466
411452.600021839
411452.700075388
411452.800089121
411452.900067806
411453.000070095
411453.100004435
411453.200047016
411453.300075293
411453.40005517
411453.500005484
411453.600024223
411453.700063944
411453.800040245
411453.900002241
411454.000054598
411454.100092649
411454.200076342
411454.300066948
411454.400070906
411454.500082731
411454.600004435
411454.700037718
411454.800052643
411454.900087357
411455.000063658
411455.100070715
411455.200023651
411455.300054073
411455.400096893
411455.500072956
411455.600038767
411455.700006008
411455.800080776
411455.90006566
411456.000037909
411456.100046873
411456.200209379
411456.300062656
411456.400084972
411456.500068903
411456.600042582
411456.700005054
411456.800080299
411456.900069475
411457.000067472
411457.100033045
411457.200056791
411457.300007105
411457.400030613
411457.500084877
411457.600070238
411457.700065851
411457.800065517
411457.900022268
411458.000021935
411458.100022793
411458.200112343
411458.300085545
411458.400067329
411458.500058889
411458.6000669
411458.700042486
411458.800068855
411458.900067568
411459.000097275
411459.100045681
411459.200056314
411459.300085306
411459.400056601
411459.500070333
411459.600052357
411459.700086117
411459.800090313
411459.900051594
411460.000044823
411460.100058556
411460.200078011
411460.300084591
411460.40003252
411460.500080109
411460.60003233
411460.700077772
411460.800077438
411460.900046825
411461.000057697
411461.100011349
411461.20007658
411461.300101757
411461.400059462
411461.500054121
411461.600079536
411461.700064421
411461.800071955
411461.900133848
411462.000077248
411462.10007596
411462.200000048
411462.300067186
411462.400057316
411462.500051975
411462.600083351
411462.700040102
411462.800204039
411462.899996996
411463.000054836
411463.100082636
411463.200085878
411463.299995422
411463.400056362
411463.500001907
411463.600036144
411463.700089216
411463.800040007
411463.900060654
411464.000059366
411464.100081205
411464.200044632
411464.300104618
411464.400041342
411464.500034094
411464.600046873
411464.700092793
411464.800066471
411464.900026798
411465.000076771
411465.100103378
411465.200001001
411465.299999952
411465.400046349
411465.500001431
411465.600087404
411465.700006723
411465.800058126
411465.900106668
411466.000108004
411466.100000858
411466.200069666
411466.300057888
411466.400080919
411466.50007987
411466.600046873
411466.700002432
411466.800080061
411466.90004611
411467.000057936
411467.100044966
411467.200013161
411467.300080776
411467.400000811
411467.500090122
411467.600028992
411467.70000267
411467.800070524
411467.900068283
411468.00002265
411468.100043535
411468.200005054
411468.300060749
411468.400067806
411468.500035524
411468.600011349
411468.69999814
411468.799999952
411468.900079012
411469.000062943
411469.100053549
411469.200021982
411469.300044775
411469.400093555
411469.500076056
411469.600070238
411469.700098276
411469.80003047
411469.900089979
411470.000003338
411470.100057364
411470.20008564
411470.300062418
411470.400089025
411470.50006175
411470.600054741
411470.700079441
411470.800070286
411470.900038719
411471.000050306
411471.100005388
411471.2000494
411471.300007343
411471.400047541
411471.500276327
411471.60010457
411471.700059891
411471.800058365
411471.900070429
411472.000038862
411472.100033283
411472.200075865
411472.300069571
411472.400117159
411472.500058889
411472.600053072
411472.700071335
411472.80009675
411472.900032043
411472.999993086
411473.100063324
411473.200061321
411473.30005002
411473.400050163
411473.500065327
411473.600097179
411473.700066566
411473.800131083
411473.900078773
411474.000071287
411474.10003829
411474.199999094
411474.300065756
411474.400080681
411474.500038624
411474.600004435
411474.700080395
411474.800055265
411474.900083065
411475.000020504
411475.100068569
411475.200080872
411475.30002594
411475.400017262
411475.500012398
411475.600047827
411475.700055122
411475.800082207
411475.900099754
411476.000041008
411476.100043774
411476.200002909
411476.300081491
411476.400071144
411476.500065804
411476.60001111
411476.700006247
411476.800090551
411476.900071144
411477.0000422
411477.10000515
411477.200005054
411477.300004482
411477.400028944
411477.500063419
411477.600030899
411477.700029373
411477.800004959
411477.900026083
411477.999995708
411478.100038528
411478.200007677
411478.300062656
411478.400033474
411478.499996662
411478.600019693
411478.700004101
411478.800035238
411478.900028944
411479.000048637
411479.10008502
411479.200090885
411479.300054312
411479.400066137
411479.500046968
411479.600002289
411479.700061321
411479.799998283
411479.900017262
411480.000043154
411480.100059271
411480.200003147
411480.300091267
411480.400063515
411480.500005245
411480.600038767
411480.700004101
411480.800044537
411480.900005817
411481.000017643
411481.100008011
411481.200050592
411481.299996138
411481.400035381
411481.499997616
411481.600031137
411481.699992895
411481.800074816
411481.900067568
411482.00000453
411482.100051403
411482.20006609
411482.300033569
411482.400003672
411482.500005245
411482.60000515
411482.700046539
411482.800025702
411482.900079489
411483.000030518
411483.100008249
411483.20001173
411483.300007343
411483.400005579
411483.500026941
411483.600013018
411483.700029135
411483.800053358
411483.900042534
411484.000100851
411484.100060225
411484.200033903
411484.300085306
411484.399996758
411484.500017166
411484.600007772
411484.700010777
411484.800008059
411484.900048733
411485.000062466
411485.100021601
411485.200063229
411485.300055027
411485.400034428
411485.5
411485.600110531
411485.699997663
411485.799999714
411485.900078535
411486.000089645
411486.100079298
411486.200106144
411486.300071716
411486.400043249
411486.50007534
411486.600072861
411486.700081587
411486.800071478
411486.900039673
411487.000044346
411487.100055933
411487.200085402
411487.300037146
411487.40006566
411487.50007081
411487.600001097
411487.700115681
411487.800020456
411487.900079727
411488.000063419
411488.100018501
411488.200003862
411488.300028086
411488.400060892
411488.500040531
411488.600067139
411488.700047255
411488.799993992
411488.90009141
411489.000030518
411489.100042343
411489.200011253
411489.30006814
411489.400075912
411489.500041008
411489.600085497
411489.700081587
411489.800076723
411489.900015116
411490.000037193
411490.100028753
411490.200104475
411490.300076008
411490.400013685
411490.499996185
411490.600048542
411490.700050592
411490.800084352
411490.900082111
411491.000030756
411491.100036383
411491.200012207
411491.300094366
411491.400016785
411491.50006485
411491.600048542
411491.700081348
411491.800038815
411491.900006056
411492.000028849
411492.100086212
411492.20004487
411492.300032139
411492.400000095
411492.500046253
411492.600070477
411492.700088024
411492.800005436
411492.900063753
411493.00006485
411493.10000968
411493.200068951
411493.300074339
411493.400161505
411493.500041485
411493.600003719
411493.700054407
411493.800096989
411493.900071144
411494.000050068
411494.100041151
411494.200003624
411494.30009079
411494.400106192
411494.500065565
411494.600014925
411494.700057983
411494.800089359
411494.900004387
411495.000027418
411495.10010004
411495.200053453
411495.300082684
411495.400036335
411495.500034332
411495.599999189
411495.700076103
411495.800086737
411495.900087595
411496.000072956
411496.100018978
411496.200022221
411496.300061941
411496.400048971
411496.500020504
411496.600117922
411496.700041056
411496.800051212
411496.900057554
411497.000056505
411497.100020885
411497.200025797
411497.299998999
411497.399998426
411497.500001431
411497.60008955
411497.700047255
411497.800059557
411497.900005579
411498.000087261
411498.100107193
411498.200049639
411498.300001621
411498.400032759
411498.500039816
411498.600081682
411498.700111151
411498.800047874
411498.9000144
411499.000009775
411499.100073099
411499.20003581
411499.300004244
411499.400012255
411499.500036478
411499.600013971
411499.700065374
411499.80004549
411499.900023937
411500.00003171
411500.100001812
411500.200027466
411500.300068855
411500.400058985
411500.500035048
411500.600022078
411500.700047255
411500.800032854
411500.900091648
411501.000072956
411501.100017548
411501.200088501
411501.299997568
411501.400011539
411501.499995947
