413419.699981451
413419.800027609
413419.900002956
413419.999991655
413420.10000062
413420.200042486
413420.300076008
413420.400033951
413420.499994993
413420.599997759
413420.699990034
413420.79998517
413420.900022268
413421.000029087
413421.100079536
413421.200111628
413421.300054312
413421.400091648
413421.499982834
413421.599984884
413421.700016499
413421.799990177
413421.900022984
413422.000023842
413422.100030661
413422.199991226
413422.300009966
413422.399989605
413422.499999762
413422.59999299
413422.699984074
413422.799987316
413422.899991751
413423.000264168
413423.100060701
413423.199986935
413423.300026894
413423.400025129
413423.500056505
413423.600040674
413423.700004339
413423.800026894
413423.900039434
413424.000050545
413424.100046158
413424.199990749
413424.300013781
413424.400039673
413424.5000453
413424.600089312
413424.699986696
413424.800013304
413424.899994135
413425.000049114
413425.100038052
413425.200038195
413425.300061703
413425.400073767
413425.500002861
413425.599989176
413425.699986458
413425.800030708
413425.900061131
413426.000080824
413426.100034714
413426.200065851
413426.300054789
413426.400021553
413426.49999404
413426.600082397
413426.700077534
413426.800041199
413426.900017262
413426.999986172
413427.100003958
413427.199999809
413427.300077915
413427.400020361
413427.499995947
413427.600082636
413427.700057507
413427.800020695
413427.900012732
413428.000075102
413428.100055695
413428.200055838
413428.300068617
413428.399989367
413428.49999404
413428.599993229
413428.699985266
413428.799988747
413428.900027752
413428.999989986
413429.099993467
413429.200002432
413429.299988031
413429.400042772
413429.50000453
413429.600027084
413429.699991226
413429.800071716
413429.900055885
413430.000071764
413430.100058079
413430.200024366
413430.300034285
413430.400024176
413430.500040293
413430.600074291
413430.70007205
413430.800014257
413430.90003252
413431.000021696
413431.09999299
413431.199995756
413431.300078869
413431.40009737
413431.500079393
413431.599984884
413431.700068712
413431.800009251
413431.900048733
413432.00004077
413432.099993229
413432.200029135
413432.300021172
413432.399991989
413432.499996662
413432.600058317
413432.700036287
413432.7999897
413432.900024176
413432.999988794
413433.100106716
413433.200054884
413433.300046682
413433.400013685
413433.499991179
413433.599989891
413433.70002985
413433.800117493
413433.900038719
413434.000030041
413434.100046873
413434.200017214
413434.300023556
413434.40004611
413434.500035286
413434.600034237
413434.700041056
413434.800036907
413434.900047064
413435.000046015
413435.100044489
413435.200053453
413435.300002337
413435.400050879
413435.499993324
413435.599991798
413435.699997663
413435.800047874
413435.900045156
413436.000026703
413436.100022316
413436.200031996
413436.299991846
413436.400048256
413436.500019789
413436.600017071
413436.700076103
413436.800055027
413436.900125027
413437.000080824
413437.099991083
413437.200065136
413437.300047159
413437.400010109
413437.500057459
413437.599989653
413437.700003386
413437.800051689
413437.900066137
413438.000051975
413438.10004735
413438.200056791
413438.300039291
413438.399990082
413438.499995232
413438.599999189
413438.699990988
413438.799989939
413438.900010347
413439.000024557
413439.100008249
413439.200045824
413439.299996138
413439.40002656
413439.500041008
413439.599995613
413439.70002079
413439.799994707
413439.899984837
413440.000047922
413440.099993944
413440.200042725
413440.300049067
413440.400050402
413440.499988079
413440.600018978
413440.700042725
413440.800084114
413440.900068283
413441.000077248
413441.10006094
413441.200012922
413441.300021172
413441.399994373
413441.500130177
413441.599999189
413441.699991226
413441.80002284
413441.900045395
413441.999997616
413442.100064993
413442.199988365
413442.299990416
413442.400016308
413442.499998808
413442.599994421
413442.699992895
413442.799991131
413442.899998426
413443.0000422
413443.099989176
413443.199994326
413443.299995661
413443.40003252
413443.499991417
413443.599989176
413443.700038433
413443.800080776
413443.900053263
413444.000000238
413444.100008249
413444.199995518
413444.299989939
413444.399989605
413444.500030041
413444.600045204
413444.699990511
413444.799991846
413444.899991751
413445.000037432
413445.100021124
413445.200072527
413445.299987793
413445.399987221
413445.500030518
413445.600008249
413445.69999218
413445.799991369
413445.899990082
413445.999998331
413446.09999156
413446.200077772
413446.300059557
413446.400018454
413446.500023365
413446.600008249
413446.69999218
413446.800029755
413446.900002241
413447.000002861
413447.100045919
413447.200037003
413447.299994707
413447.399992943
413447.499993801
413447.60003686
413447.699988604
413447.799990654
413447.899986982
413447.999990225
413448.100001574
413448.200041294
413448.300004244
413448.399998665
413448.499990463
413448.599999905
413448.700046539
413448.799993277
413448.899997234
413449.000010967
413449.100137472
413449.199992657
413449.300014257
413449.400055408
413449.500001907
413449.600013494
413449.699996471
413449.800062656
413449.900015831
413450.000083923
413450.10003233
413450.199997902
413450.299997807
413450.400039434
413450.499995232
413450.600030661
413450.70000124
413450.799993038
413450.900038719
413451.00004077
413451.100007534
413451.200073242
413451.300027132
413451.399999619
413451.500036716
413451.599994898
413451.699997187
413451.799995184
413451.89999795
413451.999999046
413452.099993944
413452.199986219
413452.30000782
413452.400064468
413452.500018358
413452.600004911
413452.700034142
413452.800003529
413452.90004158
413452.999997377
413453.100054264
413453.19999671
413453.300003529
413453.400000572
413453.500038385
413453.600005388
413453.700076818
413453.799996614
413453.900019646
413453.999998331
413454.100040674
413454.200013161
413454.300004721
413454.400017738
413454.500031948
413454.599997282
413454.699990511
413454.799989223
413454.90001297
413455.000041485
413455.100017071
413455.200061083
413455.300004721
413455.400002718
413455.500050306
413455.5999856
413455.700061798
413455.800069809
413455.900019884
413456.000001669
413456.100063801
413456.200004816
413456.299993038
413456.400059938
413456.500020027
413456.600010633
413456.700000048
413456.800036192
413456.900117874
413456.999988794
413457.10002923
413457.20001936
413457.299997091
413457.400002718
413457.500015259
413457.600026131
413457.700024366
413457.799991131
413457.899992228
413458.000004053
413458.099995852
413458.200008631
413458.300408125
413458.399986744
413458.499998808
413458.600046396
413458.699992657
413458.799989223
413458.899980307
413458.999979973
413459.099993229
413459.200050831
413459.300048351
413459.399993896
413459.499988317
413459.599995613
413459.700047731
413459.800011635
413459.900034904
413460.000022888
413460.100006819
413460.200029135
413460.299989223
413460.40004921
413460.500032663
413460.600014448
413460.700045586
413460.800047159
413460.900058985
413460.999992371
413461.099995852
413461.199991703
413461.300033808
413461.399998426
413461.500049829
413461.600011349
413461.700116634
413461.799991369
413461.89999342
413462.000002146
413462.099992514
413462.199985504
413462.300001621
413462.399986267
413462.500000954
413462.600017071
413462.70003581
413462.799993038
413462.900030375
413463.00001502
413463.100115061
413463.2000072
413463.299993277
413463.400030851
413463.499999046
413463.599994659
413463.699997425
413463.800032377
413463.900017262
413464.000013828
413464.100000858
413464.200013876
413464.300099373
413464.400032759
413464.499996185
413464.600028992
413464.700006247
413464.800007582
413464.900011539
413465.000000477
413465.099999905
413465.199990511
413465.299995184
413562.000036478
413562.100110292
413562.200029135
413562.300031185
413562.400031805
413562.499988079
413562.600010633
413562.700028658
413562.80002594
413562.900001049
413563.000021935
413563.099989176
413563.200037479
413563.299991608
413563.399987221
413563.499988079
413563.600007296
413563.699989796
413563.799996614
413563.899991512
413563.999985933
413564.0999856
413564.200026751
413564.299998522
413564.399994373
413564.499993086
413564.599998713
413564.699997902
413564.800004721
413564.899991512
413565.000040531
413565.10000205
413565.200002193
413565.300076723
413565.400029898
413565.499993801
413565.600072622
413565.700049162
413565.800045013
413565.899995089
413565.999999523
413566.100078106
413566.199994564
413566.300035
413566.399996996
413566.499998093
413566.600174904
413566.700001001
413566.799991369
413642.200024843
413642.300034523
413642.400002956
413642.500065088
413642.600012779
413642.700009346
413642.800004005
413642.900091171
413643.000020981
413643.100074053
413643.200037956
413643.300054312
413643.399999142
413643.500052452
413643.600034714
413643.699990273
413643.80002141
413643.899993181
413644.000032902
413644.100025415
413644.200036049
413644.300044298
413644.400037289
413644.500024557
413644.600033283
413644.700076342
413644.800045967
413644.900033712
413645.000033617
413645.100042105
413645.200002193
413645.300048351
413645.40001893
413645.499986887
413645.60000062
413645.700025082
413645.800042152
413645.900058508
413646.000027657
413646.099987745
413646.200023413
413646.299998045
413646.400032759
413646.500035048
413646.600059032
413646.700028181
413646.800033808
413646.900006056
413647.000059843
413647.100037336
413680.600004196
413680.700107336
413680.800070047
413680.9000175
413681.000074387
413681.100013494
413681.200028419
413681.299991608
413681.400009871
413681.500049353
413681.599998951
413681.699991226
413681.800013781
413681.899997234
413682
413682.100034714
413682.20006156
413682.300069571
413682.399986744
413682.500010252
413682.600000143
413682.700037956
413682.79999876
413682.899995327
413683.000070095
413683.100076675
413683.200068712
413683.300041199
413683.39999485
413683.499994278
413683.600053787
413683.700026274
413683.80001688
413683.899991751
413684.000001192
413684.100012541
413684.20000577
413684.300051928
413684.399992704
413684.499993801
413684.599990368
413684.699991226
413684.800084829
413684.900058746
413684.999994755
413685.099996328
413685.199996233
413685.299992561
413685.400038719
413685.500019789
413720.900088787
413721.000053406
413721.100100279
413721.20005703
413721.300098419
413721.400080442
413721.5000875
413721.600005627
413721.700093269
413721.800084829
413721.900097609
413722.00007081
413722.100031376
413722.200088263
413722.300072193
413722.400070667
413722.499998093
413722.60003829
413722.699991703
413722.800075054
413722.90003562
413723.000058651
413723.100026608
413723.200083256
413723.300038099
413723.400061846
413723.500006199
413723.600084305
413723.700085878
413723.800064564
413723.900035381
413724.000048399
413724.100055933
413724.200032949
413724.300030947
413724.400049448
413724.500073433
413724.600055695
413724.700024128
413724.800043821
413724.900075197
413725.000029802
413725.099992037
413725.200060129
413725.300013304
413725.400076389
413725.50007391
413725.600055218
413725.700105906
413799.500017166
413799.599992514
413799.699990749
413799.799992323
413799.900024176
413799.99999094
413800.100059509
413800.200035095
413800.299993753
413800.400030851
413800.500040293
413800.600031137
413800.700009823
413800.800009012
413800.900050879
413801.000034094
413801.100004435
413801.19998908
413801.300013065
413801.400037766
413801.50000596
413801.599995136
413801.700042963
413801.800027609
413801.899988651
413802.000113249
413802.100031376
413802.199995756
413802.300032854
413802.399991751
413802.500044346
413802.599999666
413802.699995518
413802.800042391
413802.900055647
413803.000013351
413803.100025177
413803.200012922
413803.300035954
413803.400034666
413803.499991894
413803.600029707
413803.700027943
413803.79999423
413803.90004468
413804.000044823
413804.100039482
413804.200144291
413804.300061226
413804.400047302
413838.899999619
413838.999998331
413839.100039482
413839.199994564
413839.299994469
413839.400106668
413839.500054598
413839.599991083
413839.700047731
413839.800057888
413839.900106907
413840.000074148
413840.100054979
413840.200039864
413840.300114393
413840.40005517
413840.500047207
413840.600050688
413840.700043917
413840.800045967
413840.900043488
413840.999990702
413841.100044012
413841.199996471
413841.299993277
413841.400029659
413841.500040293
413841.599987507
413841.700073004
413841.800058603
413841.89999938
413842.000033855
413842.099988937
413842.200006008
413842.300051212
413842.400053263
413842.500072241
413842.600061655
413842.700067282
413842.800029993
413842.900040627
413842.999996424
413843.100007296
413843.199996948
413843.300016403
413843.400059462
413843.500006914
413843.600008011
413843.700061798
413914.100054502
413914.199994326
413914.300042152
413914.400001049
413914.500028372
413914.600039959
413914.700054407
413914.800091267
413914.900082111
413915.000041485
413915.099994898
413915.199995041
413915.300044537
413915.399992943
413915.500040054
413915.600028515
413915.700030804
413915.800045967
413915.900049925
413916.000057936
413916.100042343
413916.199989319
413916.300045729
413916.399991989
413916.500055075
413916.600095987
413916.700043678
413916.800014973
413916.90003109
413917.00002718
413917.099994183
413917.200056791
413917.299989462
413917.399990082
413917.499993563
413917.600056171
413917.700011492
413917.800040722
413917.90003705
413918.000047922
413918.099999189
413918.200033903
413918.300059795
413918.400046587
413918.50005126
413918.600035906
413918.699991703
413918.799994707
413954.40004921
413954.500005007
413954.600029707
413954.700060129
413954.800058842
413954.900027752
413955
413955.100010633
413955.200046539
413955.300038338
413955.40000248
413955.500044107
413955.600042582
413955.700047731
413955.800364017
413955.899995565
413956.000051498
413956.099997282
413956.200045586
413956.300041199
413956.400002718
413956.500004053
413956.600019455
413956.699994087
413956.800037861
413956.900044441
413957.000058651
413957.10017252
413957.20003581
413957.299998999
413957.400036812
413957.499994516
413957.599992275
413957.70000124
413957.800002337
413957.900059462
413958.000059128
413958.100016117
413958.200009108
413958.300061703
413958.400012493
413958.499991894
413958.60000515
413958.700060844
413958.800065517
413958.899995565
413959.000078678
413959.099991083
413959.199991226
414048.099993944
414048.200078726
414048.300070286
414048.400038719
414048.50003624
414048.599992275
414048.699992657
414048.800026894
414048.900008678
414049.000004053
414049.1000247
414049.199998379
414049.300095558
414049.400038958
414049.499992609
414049.599993229
414049.699989319
414049.799994946
414049.899998903
414049.999993563
414050.099994659
414050.199990511
414050.300021648
414050.399999857
414050.499989748
414050.599997044
414050.700031519
414050.800051689
414050.899996758
414050.999994516
414051.099994421
414051.200041771
414051.30009675
414051.400040388
414051.500047922
414051.599999428
414051.700015068
414051.799999952
414051.899996996
414052.000026464
414052.099996567
414052.199999332
414052.299988985
414052.400063753
414052.500000715
414052.599996805
414052.700022459
414052.799993277
414052.900038958
414087.400018692
414087.500072479
414087.600042105
414087.700093508
414087.800046444
414087.9000597
414088.000042677
414088.099990606
414088.200039864
414088.300045252
414088.399993658
414088.500027657
414088.600024462
414088.700014114
414088.799989939
414088.900030136
414089.00008297
414089.100026846
414089.199989557
414089.30005002
414089.399997711
414089.500010252
414089.599995613
414089.700045347
414089.799990892
414089.899994135
414090.000037909
414090.10003233
414090.200046539
414090.299993992
414090.399997234
414090.500017166
414090.600049973
414090.700037003
414090.800043106
414090.899992466
414091.000033379
414091.099992752
414091.200032949
414091.300001144
414091.400034428
414091.500001669
414091.600005627
414091.700004101
414091.800041199
414091.900022268
414091.999994516
414092.100162506
414092.200039387
414109.200039864
414109.300007582
414109.400037289
414109.500035524
414109.600020647
414109.700036526
414109.800026655
414109.900015831
414110.000061274
414110.100080013
414110.19999361
414110.300002337
414110.399997711
414110.500019789
414110.600000143
414110.699996948
414110.799993992
414110.899992943
414111.000006914
414111.100004435
414111.199997425
414111.299997807
414111.399998188
414111.500032663
414111.600039244
414111.700021029
414111.800000429
414111.900046349
414112.000076771
414112.10002327
414112.200002432
414112.300047874
414112.399995804
414112.500004768
414112.600070477
414112.700062037
414112.799990177
414112.899999857
414113.000048637
414113.100019455
414113.199990511
414113.300060272
414113.400029898
414113.499999523
414113.600027323
414113.700045347
414113.800020695
414113.900039196
414114.000003338
414131.100035667
414131.200059414
414131.300014019
414131.400031805
414131.500031948
414131.60000205
414131.699991226
414131.800068617
414131.900021315
414131.999990225
414132.10003233
414132.200021029
414132.30001688
414132.399992228
414132.5000422
414132.600023508
414132.700037956
414132.799991846
414132.899991274
414132.999993801
414133.100060701
414133.200022459
414133.300030947
414133.399994612
414133.500026703
414133.600068092
414133.700037956
414133.80006361
414133.900028706
414134.000031948
414134.100033998
414134.20003891
414134.300032616
414134.400026083
414134.500036955
414134.600051165
414134.70004797
414134.800029993
414134.900036097
414134.999991894
414135.100029707
414135.200042486
414135.300038815
414135.400042534
414135.500056028
414135.600069761
414135.700059891
414135.800034046
414135.900043249
414166.100032806
414166.199991465
414166.299994707
414166.400003195
414166.500024557
414166.59999609
414166.700029135
414166.800037622
414166.90000248
414167.000001907
414167.100017786
414167.200002193
414167.300004244
414167.39999938
414167.500082254
414167.59999609
414167.69999361
414167.800071239
414167.900000095
414168.000023127
414168.099999428
414168.200004578
414168.300000906
414168.400052547
414168.500006914
414168.599995375
414168.700034142
414168.799997568
414168.899993658
414168.999992847
414169.099996328
414169.200002432
414169.30000329
414169.399998188
414169.499997377
414169.599999189
414169.700000048
414169.800002337
414169.899995804
414169.999997616
414170.099994421
414170.200087309
414170.300007105
414170.400002241
414170.500000238
414170.599993944
414170.69999361
414170.800004721
414170.900042295
414199.000022411
414199.10006094
414199.200026989
414199.300067186
414199.400062561
414199.500041485
414199.600073814
414199.700078011
414199.80005765
414199.90003705
414200.000046015
414200.100069523
414200.200013399
414200.30006218
414200.400079966
414200.500056267
414200.600028038
414200.700073957
414200.800024748
414200.900061131
414201.000050306
414201.099999666
414201.199991941
414201.300091743
414201.400062084
414201.500057459
414201.600022554
414201.700038433
414201.80004859
414201.900086403
414202.000058174
414202.100045919
414202.2000525
414202.300053358
414202.40005827
414202.500002384
414202.600324154
414202.700034618
414202.800036192
414202.900036573
414203.000038862
414203.100012779
414203.200000525
414203.300014496
414203.400069952
414203.500009298
414203.600038052
414203.700034142
414249.40004921
414249.500095606
414249.600031376
414249.700043201
414249.800070286
414249.900071621
414250.000060081
414250.099993467
414250.200051785
414250.300080776
414250.400079727
414250.500057697
414250.600018263
414250.700092077
414250.800058126
414250.900054693
414251.000051737
414251.100077868
414251.200080633
414251.300046444
414251.400025606
414251.500033855
414251.600089312
414251.700057745
414251.800096273
414251.900000572
414252.000074863
414252.100054741
414252.200021267
414252.299996614
414252.400032997
414252.500025511
414252.600029707
414252.700032949
414252.800025225
414252.90004158
414253.000059605
414253.100066185
414253.200045586
414253.300025463
414253.400048256
414253.500075579
414253.600069284
414253.700060129
414253.800056934
414253.900048971
414254.000093937
414254.100058556
414270.000036955
414270.100039721
414270.200048447
414270.300028563
414270.400080681
414270.500062466
414270.600036144
414270.700070858
414270.800012827
414270.900002003
414271.000004292
414271.100065947
414271.199990749
414271.300044537
414271.400005341
414271.500070095
414271.600070238
414271.70005703
414271.80015564
414271.900055647
414272.000073195
414272.099990845
414272.199987888
414272.299990416
414272.399987698
414272.500036955
414272.599994183
414272.700031996
414272.800044775
414272.900154829
414273
414273.100089073
414273.19999361
414273.300032616
414273.400038242
414273.500047445
414273.600006342
414273.700007677
414273.799987793
414273.900030136
414273.999990463
414274.100004673
414274.200060844
414274.300024986
414274.400052071
414274.500170231
414274.600028276
414274.700031281
414274.800082684
414274.900058985
414299.699996233
414299.799992085
414299.900000811
414300.000008821
414300.100021839
414300.19999361
414300.299992085
414300.399992466
414300.499991179
414300.599998951
414300.699997187
414300.800112009
414300.899996758
414301.000000477
414301.099986076
414301.199991465
414301.300014257
414301.399992943
414301.500022173
414301.600012302
414301.700047731
414301.799995899
414301.900041103
414302.000030279
414302.100031376
414302.199997425
414302.300011873
414302.399992704
414302.499996424
414302.599994183
414302.700033665
414302.800076723
414302.900001764
414303.000010729
414303.100048542
414303.200155973
414303.30005908
414303.400027037
414303.499991894
414303.599990845
414303.699985027
414303.800002337
414303.899995327
414304.000286102
414304.099998474
414304.19999671
414304.299998045
414304.400080919
414304.499997377
414321.000047207
414321.100026369
414321.200082779
414321.300065279
414321.400061131
414321.50007534
414321.600052118
414321.699990273
414321.800058365
414321.900146008
414322.000003815
414322.100040436
414322.200025558
414322.300079346
414322.400058508
414322.500053644
414322.600048304
414322.700076103
414322.800071716
414322.900061846
414323.000122786
414323.100055456
414323.200047731
414323.299989462
414323.400014639
414323.499996185
414323.600049257
414323.700064421
414323.800083637
414323.900046587
414324.000053644
414324.10008359
414324.200004101
414324.300047398
414324.400061846
414324.500058889
414324.600087881
414324.700053215
414324.800071239
414324.900039434
414325.000036478
414325.099996567
414325.200076818
414325.300055981
414325.400054932
414325.500083447
414325.600072145
414325.700065136
414325.799998283
414325.900036812
414343.200048685
414343.300038099
414343.400026798
414343.500070572
414343.600003481
414343.700061321
414343.800010204
414343.900082111
414344.000081301
414344.10004425
414344.200018167
414344.300046921
414344.400099754
414344.500071764
414344.60005331
414344.70003438
414344.799997568
414344.900029659
414345.000017643
414345.100021601
414345.20011425
414345.300000906
414345.400072575
414345.500036001
414345.600046396
414345.700027943
414345.80003047
414345.899993658
414345.999990463
414346.10004878
414346.200066566
414346.300075531
414346.400048494
414346.500064135
414346.599990368
414346.699990034
414346.800042629
414346.90003562
414347.000002384
414347.10010314
414347.200060129
414347.300027609
414347.399984837
414347.49999094
414347.599989414
414347.700016975
414347.799999714
414347.90006876
414373.100073814
414373.20005393
414373.300073624
414373.399996996
414373.500067472
414373.600113153
414373.700042486
414373.800063372
414373.900001049
414374.000044584
414374.100079298
414374.200018883
414374.300020695
414374.400056601
414374.50007844
414374.60009551
414374.700054407
414374.800058365
414374.900070906
414375.000073671
414375.100022316
414375.200062513
414375.300023317
414375.400069475
414375.500030756
414375.600055933
414375.700097799
414375.800057173
414375.900078535
414376.000078917
414376.10002923
414376.199995279
414376.300047874
414376.400002956
414376.500154972
414376.600048304
414376.700073481
414376.800063133
414376.900058985
414377.000056028
414377.100059271
414377.200076342
414377.300061226
414377.400038242
414377.500048876
414377.600045919
414377.700046539
414377.800074577
414377.900034666
414378
414378.100075006
414378.200064182
414378.300013304
414378.400048494
414380.29999423
414380.400076151
414380.499991894
414380.600022078
414380.70006752
414380.80003953
414380.899998426
414381.000045776
414381.100016117
414381.199995756
414381.300076723
414381.400070667
414381.500055313
414381.600053072
414381.700054169
414381.800022602
414381.899995804
414382.000029564
414382.100026608
414382.200028658
414382.300052404
414382.400052547
414382.500050783
414382.60010767
414382.700039148
414382.799993515
414382.90003705
414383.000003815
414383.100004911
414383.199991941
414383.300036192
414383.400090218
414383.500024319
414383.600049734
414383.700026512
414383.800033331
414383.900075436
414384.000078917
414384.100074291
414384.200040579
414384.300026417
414384.400004148
414384.500046015
414384.599994183
414384.700055838
414384.800050259
414384.900008917
414385.000002384
414385.100021124
414385.200037003
414385.299994946
414385.400075912
414385.500032902
414385.599990606
414385.700043678
414385.800081968
414385.900044441
414386.000064611
414386.100025415
414386.200014353
414386.300045729
414386.399992228
414386.500029325
414386.600033522
414386.700051308
414386.799991131
414386.900010824
414387.000077963
414387.100055695
414387.200017691
414387.299994946
414387.4000597
414387.500058413
414387.600059271
414387.700047016
414387.800056458
414387.899996758
414388.000036478
414388.100039959
414388.20003438
414388.300042391
414388.400045633
414388.500037909
414388.600068092
414388.700026035
414388.800058842
414388.90005064
414389.000088692
414389.100023985
414389.20006156
414389.300014019
414389.40004921
414389.499994278
414389.600006342
414389.699996471
414389.7999928
414389.900080204
414390.000043392
414390.100079298
414390.2000494
414390.300041676
414390.40005827
414390.500064373
414390.600040197
414390.70000124
414390.800078869
414390.900058985
414390.99999404
414391.100018263
414391.200009823
414391.30004549
414391.400024414
414391.500048161
414391.599996567
414391.699994802
414391.800081968
414391.900084019
414392.000001192
414392.100039959
414392.20004034
414392.300005198
414392.400046825
414392.500009298
414392.600266695
414392.699990511
414392.800058365
414392.900077581
414393.000232935
414393.100028992
414393.200025082
414393.300076723
414393.400054216
414393.500062704
414393.599999189
414393.700077295
414393.800077438
414393.900052547
414393.999995232
414394.100040436
414394.200040102
414394.300014973
414394.400017738
414394.499996185
414394.599993944
414394.699993372
414394.800033092
414394.899997234
414394.99999404
414395.10005188
414395.200055838
414395.300049782
414395.400048018
414395.500059128
414395.600033283
414395.699992418
414395.799995899
414395.900054693
414396.000004292
414396.100061893
414396.200052738
414396.30005908
414396.399985552
414396.499993801
414396.600026846
414396.700089693
414396.800061941
414396.900052071
414397.00002265
414397.100006819
414397.200028658
414397.300038338
414397.400062799
414397.499987841
414397.599992514
414397.700012684
414397.800072908
414397.900040388
414397.999988794
414398.099986315
414398.200031042
414398.300020456
414398.399990559
414398.499993324
414398.59999609
414398.700035572
414398.800029278
414398.899991274
414398.999983072
414399.100007057
414399.199990988
414399.300007343
414399.400126457
414399.500014544
414399.600009441
414399.700021505
414399.800018787
414399.90002656
414400.000050068
414400.100082159
414400.200286388
414400.299999237
414400.40004611
414400.500031948
414400.600011587
414400.69998908
414400.800030231
414400.900045395
414401.000024557
414401.100036144
414401.200012684
414401.300068378
414401.399988413
414401.500041485
414401.599994898
414401.700054407
414401.800032377
414401.90000248
414402.000029325
414402.099989653
414402.200017452
414402.299986839
414402.399991512
414402.499986887
414402.600010395
414402.700059175
414402.800007582
414402.900063992
414402.999987841
414403.099984646
414403.200087786
414403.30001092
414403.4000144
414403.500006437
414403.600013018
414403.700023174
414403.80002284
414403.899986982
414404.000055075
414404.100016356
414404.200086832
414404.300040245
414404.400065422
414404.500075579
414404.600059748
414404.700147629
414404.800018549
414404.900073051
414405.000059128
414405.100013971
414405.199982405
414405.299992323
414405.399992228
414405.499991417
414405.600027323
414405.699994087
414405.800062418
414405.89999032
414406.000025511
414406.100017786
414406.200008869
414406.299987078
414406.400062084
414406.499996662
414406.599994898
414406.699992895
414406.800043821
414406.899997473
414406.99999094
414407.099990368
414407.199990034
414407.300036192
414407.39998889
414407.499986172
414407.600019455
414407.699991226
414407.800031185
414407.899990559
414408.00021553
414408.100050449
414408.199985981
414408.299985886
414408.39998436
414408.50009799
414408.600017071
414408.699986219
414408.800018787
414408.900016069
414409.000026941
414409.099999666
414409.199989796
414409.300081015
414409.39999032
414409.500021219
414409.599989176
414409.699990034
414409.800039291
414409.900032282
414409.999988556
414410.099987745
414410.200031281
414410.299988508
414410.399986506
414410.500020504
414410.600013018
414410.700065613
414410.799987793
414410.899986982
414411.000003815
414411.09999752
414411.199992418
414411.299989462
414411.399993896
414411.500009775
414411.599988699
414411.69999218
414411.800027847
414411.900055408
414411.999990702
414412.099990368
414412.199988127
414412.299986839
414412.400089741
414412.499990702
414412.599988699
414412.699991703
414412.799985647
414412.900032759
414413.000001907
414413.09999609
414413.200098753
414413.300238848
414413.399996042
414413.500026464
414413.599993944
414413.700036526
414413.799988985
414413.899991989
414413.999997139
414414.100046396
414414.199998379
414414.300021172
414414.400013685
414414.500003099
414414.600031376
414414.700019121
414414.799997807
414414.899993896
414414.999994516
414415.100041389
414415.199994087
414415.300015926
414415.399987459
414415.499995947
414415.599987507
414415.699989796
414415.800037146
414415.89998436
414416.000108719
414416.100003958
414416.20001626
414416.299999952
414416.400049925
414416.499999762
414416.600105524
414416.699991226
414416.800025463
414416.899987459
414417.00002718
414417.100057602
414417.200017691
414417.299995184
414417.399984598
414417.499997377
414417.599987745
414417.700037718
414417.799989939
414417.900000095
414418.000071526
414418.100006342
414418.199995041
414418.299999952
414418.399995327
414418.500011921
414418.599997759
414418.699993134
414418.800079823
414418.899995565
414418.999987125
414419.099994183
414419.199999571
414419.300002337
414419.399993658
414419.499999762
414419.600078583
414419.699992657
414419.800037146
414419.900001287
414420.000030994
414420.099995375
414420.199998856
414420.2999897
414420.399991274
414420.500006676
414420.60003686
414420.700052977
414420.800065756
414420.900041342
414421.000095367
414421.099989414
414421.200062752
414421.299993515
414421.399989128
414421.50005579
414421.59999609
414421.700048923
414421.79998827
414421.900024176
414422.000006199
414422.099988937
414422.200119734
414422.30000186
414422.399992466
414422.499993563
414422.599989414
414422.699989796
414422.799986124
414422.899989367
414422.999993324
414423.100036383
414423.200029612
414423.299990654
414423.399991751
414423.500019073
414423.599991322
414423.69998765
