413449.500001192
413449.600067377
413449.700020552
413449.800088644
413449.90003705
413450.000002623
413450.100002527
413450.200044155
413450.299999952
413450.400035381
413450.50000596
413450.599997759
413450.70004344
413450.80004549
413450.900012255
413451.000077963
413451.100031853
413451.200004339
413451.300041437
413451.399999619
413451.500001907
413451.599999905
413451.70000267
413451.800003767
413451.899998665
413451.99999094
413452.100012541
413452.200069189
413452.300023079
413452.400009632
413452.500038862
413452.600008249
413452.700046301
413452.800002098
413452.900058985
413453.000001431
413453.100008249
413453.200005293
413453.300043106
413453.400010109
413453.500081539
413453.600001335
413453.700024366
413453.800003052
413453.900045395
413454.000017881
413454.100009441
413454.200022459
413454.300036669
413454.400002003
413454.499995232
413454.599993944
413454.700017691
413454.800046206
413454.900021791
413455.000065804
413455.100009441
413455.200007439
413455.300055027
413455.39999032
413455.500066519
413455.60007453
413455.700024605
413455.80000639
413455.900068521
413456.000009537
413456.099997759
413456.200064659
413456.300024748
413456.400015354
413456.500004768
413456.600040913
413456.700122595
413456.799993515
413456.900033951
413457.00002408
413457.100001812
413457.200007439
413457.300019979
413457.400030851
413457.500029087
413457.599995852
413457.699996948
413457.800008774
413457.900000572
413458.000013351
413458.100412846
413458.199991465
413458.300003529
413458.400051117
413458.499997377
413458.599993944
413458.699985027
413458.799984694
413458.89999795
413459.000055552
413459.100053072
413459.199998617
413459.299993038
413459.400000334
413459.500052452
413459.600016356
413459.700039625
413459.800027609
413459.900011539
413460.000033855
413460.099993944
413460.20005393
413460.300037384
413460.400019169
413460.500050306
413460.60005188
413460.700063705
413460.799997091
413460.900000572
413460.999996424
413461.100038528
413461.200003147
413461.30005455
413461.400016069
413461.500121355
413461.59999609
413461.69999814
413461.800006866
413461.899997234
413461.999990225
413462.100006342
413462.199990988
413462.300005674
413462.400021791
413462.500040531
413462.599997759
413462.700035095
413462.800019741
413462.900119781
413463.000011921
413463.099997997
413463.200035572
413463.300003767
413463.39999938
413463.500002146
413463.600037098
413463.700021982
413463.800018549
413463.900005579
413464.000018597
413464.100104094
413464.200037479
413464.300000906
413464.400033712
413464.500010967
413464.600012302
413464.70001626
413464.800005198
413464.900004625
413464.999995232
413465.099999905
413561.800041199
413561.900115013
413562.000033855
413562.100035906
413562.200036526
413562.2999928
413562.400015354
413562.500033379
413562.600030661
413562.70000577
413562.800026655
413562.899993896
413563.0000422
413563.099996328
413563.199991941
413563.2999928
413563.400012016
413563.499994516
413563.600001335
413563.699996233
413563.799990654
413563.89999032
413564.000031471
413564.100003242
413564.199999094
413564.299997807
413564.400003433
413564.500002623
413564.600009441
413564.699996233
413564.800045252
413564.900006771
413565.000006914
413565.100081444
413565.200034618
413565.299998522
413565.400077343
413565.500053883
413565.600049734
413565.699999809
413565.800004244
413565.900082827
413565.999999285
413566.100039721
413566.200001717
413566.300002813
413566.400179625
413566.500005722
413566.59999609
413642.000029564
413642.100039244
413642.200007677
413642.300069809
413642.4000175
413642.500014067
413642.600008726
413642.700095892
413642.800025702
413642.900078773
413643.000042677
413643.100059032
413643.200003862
413643.300057173
413643.400039434
413643.499994993
413643.600026131
413643.699997902
413643.800037622
413643.900030136
413644.00004077
413644.100049019
413644.200042009
413644.300029278
413644.400038004
413644.500081062
413644.600050688
413644.700038433
413644.800038338
413644.900046825
413645.000006914
413645.100053072
413645.200023651
413645.299991608
413645.400005341
413645.500029802
413645.600046873
413645.700063229
413645.800032377
413645.899992466
413646.000028133
413646.100002766
413646.200037479
413646.300039768
413646.400063753
413646.500032902
413646.600038528
413646.700010777
413646.800064564
413646.900042057
413680.400008917
413680.500112057
413680.600074768
413680.700022221
413680.800079107
413680.900018215
413681.00003314
413681.099996328
413681.200014591
413681.300054073
413681.400003672
413681.499995947
413681.600018501
413681.700001955
413681.800004721
413681.900039434
413682.00006628
413682.100074291
413682.199991465
413682.300014973
413682.400004864
413682.500042677
413682.600003481
413682.700000048
413682.800074816
413682.900081396
413683.000073433
413683.100045919
413683.199999571
413683.299998999
413683.400058508
413683.500030994
413683.600021601
413683.699996471
413683.800005913
413683.900017262
413684.00001049
413684.100056648
413684.199997425
413684.299998522
413684.399995089
413684.499995947
413684.60008955
413684.700063467
413684.799999475
413684.900001049
413685.000000954
413685.099997282
413685.20004344
413685.300024509
413720.700093508
413720.800058126
413720.900105
413721.00006175
413721.10010314
413721.200085163
413721.30009222
413721.400010347
413721.50009799
413721.60008955
413721.700102329
413721.800075531
413721.900036097
413722.000092983
413722.100076914
413722.200075388
413722.300002813
413722.400043011
413722.499996424
413722.600079775
413722.70004034
413722.800063372
413722.900031328
413723.000087976
413723.10004282
413723.200066566
413723.30001092
413723.400089025
413723.500090599
413723.600069284
413723.700040102
413723.80005312
413723.900060654
413724.00003767
413724.100035667
413724.200054169
413724.300078154
413724.400060415
413724.500028849
413724.600048542
413724.700079918
413724.800034523
413724.899996758
413725.00006485
413725.100018024
413725.20008111
413725.30007863
413725.400059938
413725.500110626
413799.300021887
413799.399997234
413799.49999547
413799.599997044
413799.700028896
413799.799995661
413799.90006423
413800.000039816
413800.099998474
413800.200035572
413800.300045013
413800.400035858
413800.500014544
413800.600013733
413800.700055599
413800.800038815
413800.900009155
413800.999993801
413801.100017786
413801.200042486
413801.300010681
413801.399999857
413801.500047684
413801.60003233
413801.699993372
413801.80011797
413801.900036097
413802.000000477
413802.100037575
413802.199996471
413802.300049067
413802.400004387
413802.500000238
413802.600047112
413802.700060368
413802.800018072
413802.900029898
413803.000017643
413803.100040674
413803.200039387
413803.299996614
413803.400034428
413803.500032663
413803.599998951
413803.7000494
413803.800049543
413803.900044203
413804.000149012
413804.100065947
413804.200052023
413838.700004339
413838.800003052
413838.900044203
413838.999999285
413839.099999189
413839.200111389
413839.300059319
413839.399995804
413839.500052452
413839.600062609
413839.700111628
413839.800078869
413839.9000597
413840.000044584
413840.100119114
413840.200059891
413840.300051928
413840.400055408
413840.500048637
413840.600050688
413840.700048208
413840.799995422
413840.900048733
413841.000001192
413841.099997997
413841.20003438
413841.300045013
413841.399992228
413841.500077724
413841.600063324
413841.700004101
413841.800038576
413841.899993658
413842.000010729
413842.100055933
413842.200057983
413842.300076962
413842.400066376
413842.500072002
413842.600034714
413842.700045347
413842.800001144
413842.900012016
413843.000001669
413843.100021124
413843.200064182
413843.300011635
413843.400012732
413843.500066519
413913.900059223
413913.999999046
413914.100046873
413914.20000577
413914.300033092
413914.40004468
413914.500059128
413914.600095987
413914.700086832
413914.800046206
413914.899999619
413914.999999762
413915.100049257
413915.199997663
413915.300044775
413915.400033236
413915.500035524
413915.600050688
413915.700054646
413915.800062656
413915.900047064
413915.99999404
413916.100050449
413916.19999671
413916.300059795
413916.400100708
413916.500048399
413916.600019693
413916.70003581
413916.8000319
413916.899998903
413917.000061512
413917.099994183
413917.199994802
413917.299998283
413917.400060892
413917.500016212
413917.600045443
413917.700041771
413917.800052643
413917.90000391
413918.000038624
413918.100064516
413918.200051308
413918.300055981
413918.400040627
413918.499996424
413918.599999428
413954.20005393
413954.300009727
413954.400034428
413954.50006485
413954.600063562
413954.700032473
413954.800004721
413954.900015354
413955.00005126
413955.100043058
413955.2000072
413955.300048828
413955.400047302
413955.500052452
413955.600368738
413955.700000286
413955.800056219
413955.900002003
413956.000050306
413956.100045919
413956.200007439
413956.300008774
413956.400024176
413956.499998808
413956.600042582
413956.700049162
413956.800063372
413956.90017724
413957.000040531
413957.100003719
413957.200041533
413957.299999237
413957.399996996
413957.50000596
413957.600007057
413957.700064182
413957.800063848
413957.900020838
413958.000013828
413958.100066423
413958.200017214
413958.299996614
413958.400009871
413958.500065565
413958.600070238
413958.700000286
413958.800083399
413958.899995804
413958.999995947
414047.899998665
414048.000083447
414048.100075006
414048.20004344
414048.30004096
414048.399996996
414048.499997377
414048.600031614
414048.700013399
414048.800008774
414048.900029421
414049.000003099
414049.100100279
414049.200043678
414049.29999733
414049.39999795
414049.49999404
414049.599999666
414049.700003624
414049.799998283
414049.89999938
414049.999995232
414050.100026369
414050.200004578
414050.299994469
414050.400001764
414050.50003624
414050.60005641
414050.700001478
414050.799999237
414050.899999142
414051.000046492
414051.100101471
414051.200045109
414051.300052643
414051.400004148
414051.500019789
414051.600004673
414051.700001717
414051.800031185
414051.900001287
414052.000004053
414052.099993706
414052.200068474
414052.300005436
414052.400001526
414052.50002718
414052.599997997
414052.700043678
414087.200023413
414087.3000772
414087.400046825
414087.500098228
414087.600051165
414087.700064421
414087.800047398
414087.899995327
414088.000044584
414088.100049973
414088.199998379
414088.300032377
414088.400029182
414088.500018835
414088.599994659
414088.700034857
414088.80008769
414088.900031567
414088.999994278
414089.100054741
414089.200002432
414089.300014973
414089.400000334
414089.500050068
414089.599995613
414089.699998856
414089.800042629
414089.90003705
414090.00005126
414090.099998713
414090.200001955
414090.300021887
414090.400054693
414090.500041723
414090.600047827
414090.699997187
414090.800038099
414090.899997473
414091.00003767
414091.100005865
414091.200039148
414091.30000639
414091.400010347
414091.500008821
414091.600045919
414091.700026989
414091.799999237
414091.900167227
414092.000044107
414109.000044584
414109.100012302
414109.200042009
414109.300040245
414109.400025368
414109.500041246
414109.600031376
414109.700020552
414109.800065994
414109.900084734
414109.999998331
414110.100007057
414110.200002432
414110.300024509
414110.400004864
414110.500001669
414110.599998713
414110.699997663
414110.800011635
414110.900009155
414111.000002146
414111.100002527
414111.200002909
414111.300037384
414111.400043964
414111.500025749
414111.60000515
414111.700051069
414111.800081491
414111.90002799
414112.000007153
414112.100052595
414112.200000525
414112.300009489
414112.400075197
414112.500066757
414112.599994898
414112.700004578
414112.800053358
414112.900024176
414112.999995232
414113.100064993
414113.200034618
414113.300004244
414113.400032043
414113.500050068
414113.600025415
414113.700043917
414113.800008059
414130.900040388
414131.000064135
414131.10001874
414131.200036526
414131.300036669
414131.400006771
414131.499995947
414131.600073338
414131.700026035
414131.799994946
414131.90003705
414132.000025749
414132.100021601
414132.199996948
414132.300046921
414132.400028229
414132.500042677
414132.599996567
414132.699995995
414132.799998522
414132.900065422
414133.00002718
414133.100035667
414133.199999332
414133.300031424
414133.400072813
414133.500042677
414133.600068331
414133.700033426
414133.800036669
414133.900038719
414134.000043631
414134.100037336
414134.200030804
414134.300041676
414134.400055885
414134.500052691
414134.600034714
414134.700040817
414134.799996614
414134.900034428
414135.000047207
414135.100043535
414135.200047255
414135.300060749
414135.400074482
414135.500064611
414135.600038767
414135.70004797
414165.900037527
414165.999996185
414166.099999428
414166.200007915
414166.300029278
414166.400000811
414166.500033855
414166.600042343
414166.7000072
414166.800006628
414166.900022507
414167.000006914
414167.100008965
414167.200004101
414167.300086975
414167.400000811
414167.499998331
414167.60007596
414167.700004816
414167.800027847
414167.900004148
414168.000009298
414168.100005627
414168.200057268
414168.300011635
414168.400000095
414168.500038862
414168.600002289
414168.699998379
414168.799997568
414168.900001049
414169.000007153
414169.100008011
414169.200002909
414169.300002098
414169.40000391
414169.500004768
414169.600007057
414169.700000525
414169.800002337
414169.899999142
414170.00009203
414170.100011826
414170.200006962
414170.300004959
414170.399998665
414170.499998331
414170.600009441
414170.700047016
414198.800027132
414198.90006566
414199.00003171
414199.100071907
414199.200067282
414199.300046206
414199.400078535
414199.500082731
414199.60006237
414199.700041771
414199.800050735
414199.900074244
414200.00001812
414200.1000669
414200.200084686
414200.300060987
414200.400032759
414200.500078678
414200.600029469
414200.700065851
414200.800055027
414200.900004387
414200.999996662
414201.100096464
414201.200066805
414201.30006218
414201.400027275
414201.500043154
414201.60005331
414201.700091124
414201.800062895
414201.90005064
414202.00005722
414202.100058079
414202.20006299
414202.300007105
414202.400328875
414202.500039339
414202.600040913
414202.700041294
414202.800043583
414202.9000175
414203.000005245
414203.100019217
414203.200074673
414203.300014019
414203.400042772
414203.500038862
414249.20005393
414249.300100327
414249.400036097
414249.500047922
414249.600075006
414249.700076342
414249.800064802
414249.899998188
414250.000056505
414250.100085497
414250.200084448
414250.300062418
414250.400022984
414250.500096798
414250.600062847
414250.700059414
414250.800056458
414250.900082588
414251.000085354
414251.100051165
414251.200030327
414251.300038576
414251.400094032
414251.500062466
414251.600100994
414251.700005293
414251.800079584
414251.900059462
414252.000025988
414252.100001335
414252.200037718
414252.300030231
414252.400034428
414252.50003767
414252.600029945
414252.700046301
414252.800064325
414252.900070906
414253.000050306
414253.100030184
414253.200052977
414253.300080299
414253.400074005
414253.50006485
414253.600061655
414253.700053692
414253.800098658
414253.900063276
414269.800041676
414269.900044441
414270.000053167
414270.100033283
414270.200085402
414270.300067186
414270.400040865
414270.500075579
414270.600017548
414270.700006723
414270.800009012
414270.900070667
414270.99999547
414271.100049257
414271.200010061
414271.300074816
414271.400074959
414271.50006175
414271.60016036
414271.700060368
414271.800077915
414271.899995565
414271.999992609
414272.099995136
414272.199992418
414272.300041676
414272.399998903
414272.500036716
414272.600049496
414272.70015955
414272.800004721
414272.900093794
414272.999998331
414273.100037336
414273.200042963
414273.300052166
414273.400011063
414273.500012398
414273.599992514
414273.700034857
414273.799995184
414273.900009394
414274.000065565
414274.100029707
414274.200056791
414274.300174952
414274.400032997
414274.500036001
414274.600087404
414274.700063705
414299.500000954
414299.599996805
414299.700005531
414299.800013542
414299.90002656
414299.999998331
414300.099996805
414300.199997187
414300.299995899
414300.400003672
414300.500001907
414300.60011673
414300.700001478
414300.800005198
414300.899990797
414300.999996185
414301.100018978
414301.199997663
414301.300026894
414301.400017023
414301.500052452
414301.60000062
414301.700045824
414301.800035
414301.900036097
414302.000002146
414302.100016594
414302.199997425
414302.300001144
414302.399998903
414302.500038385
414302.600081444
414302.700006485
414302.80001545
414302.900053263
414303.000160694
414303.100063801
414303.200031757
414303.299996614
414303.399995565
414303.499989748
414303.600007057
414303.700000048
414303.800290823
414303.900003195
414304.000001431
414304.100002766
414304.20008564
414304.300002098
414320.800051928
414320.90003109
414321.0000875
414321.10007
414321.200065851
414321.300080061
414321.400056839
414321.499994993
414321.600063086
414321.700150728
414321.800008535
414321.900045156
414322.000030279
414322.100084066
414322.200063229
414322.300058365
414322.400053024
414322.500080824
414322.600076437
414322.700066566
414322.800127506
414322.900060177
414323.000052452
414323.099994183
414323.20001936
414323.300000906
414323.400053978
414323.500069141
414323.600088358
414323.700051308
414323.800058365
414323.90008831
414324.000008821
414324.100052118
414324.200066566
414324.30006361
414324.400092602
414324.500057936
414324.60007596
414324.700044155
414324.800041199
414324.900001287
414325.000081539
414325.100060701
414325.200059652
414325.300088167
414325.400076866
414325.500069857
414325.600003004
414325.700041533
414343.000053406
414343.10004282
414343.200031519
414343.300075293
414343.400008202
414343.500066042
414343.600014925
414343.700086832
414343.800086021
414343.900048971
414344.000022888
414344.100051641
414344.200104475
414344.300076485
414344.400058031
414344.500039101
414344.600002289
414344.70003438
414344.800022364
414344.900026321
414345.000118971
414345.100005627
414345.200077295
414345.300040722
414345.400051117
414345.500032663
414345.600035191
414345.699998379
414345.799995184
414345.900053501
414346.000071287
414346.100080252
414346.200053215
414346.300068855
414346.399995089
414346.499994755
414346.60004735
414346.70004034
414346.800007105
414346.900107861
414347.00006485
414347.10003233
414347.199989557
414347.299995661
414347.399994135
414347.500021696
414347.600004435
414347.700073481
414372.900078535
414373.000058651
414373.100078344
414373.200001717
414373.300072193
414373.400117874
414373.500047207
414373.600068092
414373.70000577
414373.800049305
414373.900084019
414374.000023603
414374.100025415
414374.200061321
414374.30008316
414374.400100231
414374.500059128
414374.600063086
414374.700075626
414374.800078392
414374.900027037
414375.000067234
414375.100028038
414375.200074196
414375.300035477
414375.400060654
414375.50010252
414375.600061893
414375.700083256
414375.800083637
414375.900033951
414376
414376.100052595
414376.200007677
414376.300159693
414376.400053024
414376.500078201
414376.600067854
414376.700063705
414376.800060749
414376.900063992
414377.000081062
414377.100065947
414377.200042963
414377.300053596
414377.40005064
414377.50005126
414377.600079298
414377.700039387
414377.800004721
414377.900079727
414378.000068903
414378.100018024
414378.200053215
414380.099998951
414380.200080872
414380.299996614
414380.400026798
414380.500072241
414380.60004425
414380.700003147
414380.800050497
414380.900020838
414381.000000477
414381.100081444
414381.200075388
414381.300060034
414381.400057793
414381.500058889
414381.600027323
414381.700000525
414381.800034285
414381.900031328
414382.000033379
414382.100057125
414382.200057268
414382.300055504
414382.400112391
414382.500043869
414382.599998236
414382.700041771
414382.800008535
414382.900009632
414382.999996662
414383.100040913
414383.200094938
414383.300029039
414383.400054455
414383.500031233
414383.600038052
414383.700080156
414383.800083637
414383.900079012
414384.0000453
414384.100031137
414384.200008869
414384.300050735
414384.399998903
414384.500060558
414384.600054979
414384.700013638
414384.800007105
414384.900025845
414385.000041723
414385.099999666
414385.200080633
414385.300037622
414385.399995327
414385.500048399
414385.600086689
414385.700049162
414385.800069332
414385.900030136
414386.000019073
414386.100050449
414386.199996948
414386.300034046
414386.400038242
414386.500056028
414386.599995852
414386.700015545
414386.800082684
414386.900060415
414387.000022411
414387.099999666
414387.200064421
414387.300063133
414387.400063992
414387.500051737
414387.600061178
414387.700001478
414387.800041199
414387.90004468
414388.000039101
414388.100047112
414388.200050354
414388.300042629
414388.400072813
414388.500030756
414388.600063562
414388.700055361
414388.800093412
414388.900028706
414389.00006628
414389.10001874
414389.20005393
414389.299998999
414389.400011063
414389.500001192
414389.59999752
414389.700084925
414389.800048113
414389.900084019
414390.000054121
414390.100046396
414390.20006299
414390.300069094
414390.400044918
414390.50000596
414390.60008359
414390.700063705
414390.79999876
414390.900022984
414391.000014544
414391.100050211
414391.200029135
414391.300052881
414391.400001287
414391.499999523
414391.600086689
414391.700088739
414391.800005913
414391.90004468
414392.000045061
414392.100009918
414392.200051546
414392.300014019
414392.400271416
414392.499995232
414392.600063086
414392.700082302
414392.800237656
414392.900033712
414393.000029802
414393.100081444
414393.200058937
414393.300067425
414393.40000391
414393.500082016
414393.600082159
414393.700057268
414393.799999952
414393.900045156
414394.000044823
414394.100019693
414394.200022459
414394.300000906
414394.399998665
414394.499998093
414394.600037813
414394.700001955
414394.79999876
414394.900056601
414395.000060558
414395.100054502
414395.200052738
414395.300063848
414395.400038004
414395.499997139
414395.60000062
414395.700059414
414395.800009012
414395.900066614
414396.000057459
414396.100063801
414396.199990273
414396.299998522
414396.400031567
414396.500094414
414396.600066662
414396.700056791
414396.80002737
414396.900011539
414397.000033379
414397.100043058
414397.20006752
414397.299992561
414397.399997234
414397.500017405
414397.600077629
414397.700045109
414397.799993515
414397.899991035
414398.000035763
414398.100025177
414398.199995279
414398.299998045
414398.400000811
414398.500040293
414398.600033998
414398.699995995
414398.799987793
414398.900011778
414398.999995708
414399.100012064
414399.200131178
414399.300019264
414399.400014162
414399.500026226
414399.600023508
414399.700031281
414399.800054789
414399.90008688
414400.000291109
414400.100003958
414400.200050831
414400.300036669
414400.400016308
414400.499993801
414400.600034952
414400.700050116
414400.800029278
414400.900040865
414401.000017405
414401.100073099
414401.199993134
414401.300046206
414401.399999619
414401.500059128
414401.600037098
414401.7000072
414401.800034046
414401.899994373
414402.000022173
414402.09999156
414402.199996233
414402.299991608
414402.400015116
414402.500063896
414402.600012302
414402.700068712
414402.799992561
414402.899989367
414403.000092506
414403.10001564
414403.200019121
414403.300011158
414403.400017738
414403.500027895
414403.600027561
414403.699991703
414403.800059795
414403.900021076
414404.000091553
414404.100044966
414404.200070143
414404.300080299
414404.400064468
414404.500152349
414404.60002327
414404.700077772
414404.800063848
414404.900018692
414404.999987125
414405.099997044
414405.199996948
414405.299996138
414405.400032043
414405.499998808
414405.600067139
414405.699995041
414405.800030231
414405.900022507
414406.00001359
414406.099991798
414406.200066805
414406.300001383
414406.399999619
414406.499997616
414406.600048542
414406.700002193
414406.799995661
414406.899995089
414406.999994755
414407.100040913
414407.19999361
414407.299990892
414407.400024176
414407.499995947
414407.600035906
414407.699995279
414407.800220251
414407.90005517
414407.999990702
414408.099990606
414408.19998908
414408.300102711
414408.400021791
414408.49999094
414408.600023508
414408.70002079
414408.800031662
414408.900004387
414408.999994516
414409.100085735
414409.199995041
414409.30002594
414409.399993896
414409.499994755
414409.600044012
414409.700037003
414409.799993277
414409.899992466
414410.000036001
414410.099993229
414410.199991226
414410.300025225
414410.400017738
414410.500070333
414410.599992514
414410.699991703
414410.800008535
414410.900002241
414410.999997139
414411.099994183
414411.199998617
414411.300014496
414411.39999342
414411.499996901
414411.600032568
414411.700060129
414411.799995422
414411.899995089
414411.999992847
414412.09999156
414412.200094461
414412.299995422
414412.39999342
414412.499996424
414412.599990368
414412.700037479
414412.800006628
414412.900000811
414413.000103474
414413.100243568
414413.200000763
414413.300031185
414413.399998665
414413.500041246
414413.599993706
414413.69999671
414413.80000186
414413.900051117
414414.000003099
414414.100025892
414414.200018406
414414.30000782
414414.400036097
414414.500023842
414414.600002527
414414.699998617
414414.799999237
414414.90004611
414414.999998808
414415.100020647
414415.19999218
414415.300000668
414415.399992228
414415.499994516
414415.600041866
414415.69998908
414415.80011344
414415.900008678
414416.000020981
414416.100004673
414416.200054646
414416.300004482
414416.400110245
414416.499995947
414416.600030184
414416.69999218
414416.8000319
414416.900062323
414417.000022411
414417.099999905
414417.199989319
414417.300002098
414417.399992466
414417.500042439
414417.599994659
414417.700004816
414417.800076246
414417.900011063
414417.999999762
414418.100004673
414418.200000048
414418.300016642
414418.40000248
414418.499997854
414418.600084543
414418.700000286
414418.799991846
414418.899998903
414419.000004292
414419.100007057
414419.199998379
414419.300004482
414419.400083303
414419.499997377
414419.600041866
414419.700006008
414419.800035715
414419.900000095
414420.000003576
414420.099994421
414420.199995995
414420.300011396
414420.40004158
414420.500057697
414420.600070477
414420.700046062
414420.800100088
414420.899994135
414421.000067472
414421.099998236
414421.199993849
414421.300060511
414421.400000811
414421.500053644
414421.59999299
414421.700028896
414421.80001092
414421.899993658
414422.000124454
414422.10000658
414422.199997187
414422.299998283
414422.399994135
414422.499994516
414422.599990845
414422.699994087
414422.799998045
414422.900041103
414423.000034332
414423.099995375
414423.199996471
414423.300023794
414423.399996042
414423.499992371
