410503.80001688
410503.899996758
410504.000040531
410504.099965096
410504.200004339
410504.299995184
410504.40007329
410504.500010729
410504.600043058
410504.700041533
410504.799998045
410504.90000701
410505.000001669
410505.099981785
410505.199998617
410505.300032854
410505.400013924
410505.500030518
410505.600004196
410505.700013638
410505.799947023
410505.900039434
410506.000043631
410506.099955559
410506.200006247
410506.30000186
410506.400045872
410506.499967575
410506.599950314
410506.699943781
410506.800002098
410506.899960756
410506.999998331
410507.100037336
410507.200005293
410507.299958229
410507.399995804
410507.499947071
410507.599954367
410507.700006247
410507.799985409
410507.900011063
410507.999963045
410508.099956512
410508.199991226
410508.300009489
410508.399991751
410508.500132322
410508.599960566
410508.7000072
410508.80000639
410508.899982691
410509.000035286
410509.099964619
410509.199997425
410509.29999876
410509.399991274
410509.499983072
410509.599985838
410509.699980497
410509.800003052
410509.900003433
410510.000010014
410510.100004435
410510.199997663
410510.299998522
410510.399955273
410510.5000453
410510.600035429
410510.699970722
410510.800011873
410510.900002956
410510.999997616
410511.099946976
410511.199949503
410511.300006866
410511.399982929
410511.499998093
410511.599999428
410511.700011969
410511.800044537
410511.900000572
410511.999985933
410512.099994421
410512.199992418
410512.300011396
410512.399993181
410512.499980927
410512.600004435
410512.699947596
410512.800012589
410512.900025845
410512.999952793
410513.10000205
410513.200006723
410513.299978733
410513.40003705
410513.499958038
410513.599999905
410513.700001478
410513.799991131
410513.899987936
410513.999981403
410514.099956989
410514.20000267
410514.300003052
410514.399964333
410514.49999094
410514.599991083
410514.700032711
410514.799985409
410514.900017262
410515.000057459
410515.099945307
410515.200016975
410515.300006628
410515.399995565
410515.499997139
410515.599948645
410515.699984074
410515.799981117
410515.900003433
410515.999995947
410516.099996328
410516.199999094
410516.300083876
410516.399945974
410516.499946356
410516.600036144
410516.699947357
410516.799962997
410516.90000391
410516.999995232
410517.100004196
410517.200001478
410517.299993277
410517.399987698
410517.50001502
410517.599967718
410517.699978352
410517.799945593
410517.899944544
410517.999999046
410518.100019455
410518.199997663
410518.2999506
410518.399967909
410518.499999046
410518.600003719
410518.70000267
410518.79999876
410518.899972439
410518.999974489
410519.09996295
410519.200073481
410519.300035954
410519.400013208
410519.499999762
410519.599976301
410519.699984312
410519.80004549
410519.900001287
410520.000000477
410520.100046396
410520.200003624
410520.29999423
410520.399987459
410520.500000238
410520.600040197
410520.700008869
410520.799953699
410520.899949789
410520.999951839
410521.099947453
410521.200000286
410521.299977064
410521.400001049
410521.500049829
410521.599993944
410521.699991941
410521.799958944
410521.899987698
410522.000038862
410522.100004435
410522.199999809
410522.299988031
410522.399942636
410522.499977827
410522.59999156
410522.699997663
410522.799993753
410522.9000144
410522.999984026
410523.099981785
410523.200040102
410523.300000191
410523.399949551
410523.499979019
410523.599993706
410523.700051308
410523.79995203
410523.899991989
410523.999995708
410524.099978924
410524.199943542
410524.29995966
410524.400016785
410524.499977827
410524.599954128
410524.700011253
410524.799991846
410524.899941921
410524.999943256
410525.100002527
410525.200057745
410525.2999928
410525.399940968
410525.499942303
410525.599947929
410525.699995756
410525.799951315
410525.899950981
410526.000041008
410526.100020885
410526.199991703
410526.300002575
410526.399977207
410526.499947309
410526.599999905
410626.799991608
410626.900032043
410627.000030518
410627.100051165
410627.200006008
410627.300032139
410627.400014877
410627.499986649
410627.599988937
410627.700003147
410627.799952507
410627.900007963
410627.999956846
410628.09995842
410628.200033665
410628.30001545
410628.400004625
410628.499999762
410628.600004196
410628.700033426
410628.800004721
410628.900041342
410628.999950886
410629.100003958
410629.199985504
410629.299991131
410629.400003672
410629.500018358
410629.600018501
410629.69999218
410629.799955368
410629.900003433
410630.000029802
410630.099966526
410630.200001478
410630.300031185
410630.400034428
410630.499954224
410630.599950552
410630.700030327
410630.799962282
410630.900033712
410630.999950171
410631.099974394
410631.200008869
410631.299997807
410631.399947882
410631.500084162
410631.599994898
410631.700026035
410688.500023127
410688.599954128
410688.699950933
410688.799990654
410688.899948597
410688.999992132
410689.099954367
410689.199956179
410689.299983978
410689.400047064
410689.499994278
410689.599965096
410689.699975967
410689.799997807
410689.899979115
410690.000001192
410690.099949598
410690.20001173
410690.299961805
410690.39999342
410690.499988079
410690.599984169
410690.700036049
410690.799979925
410690.89994669
410690.999943972
410691.099949598
410691.200031281
410691.299955368
410691.399950266
410691.499979019
410691.59995389
410691.699947596
410691.799946785
410691.900004864
410691.999960423
410692.099962711
410692.199946165
410692.299945354
410692.399949789
410692.499950886
410692.599947214
410692.699954748
410692.799987555
410692.899952412
410692.999978304
410693.099944115
410693.199949265
410693.299990654
410693.399947643
410732.599963665
410732.700007915
410732.800020933
410732.899998903
410733.000002146
410733.099953651
410733.200012922
410733.300017118
410733.400019407
410733.4999578
410733.599987745
410733.700050116
410733.799984455
410733.899962902
410733.999951363
410734.099983931
410734.20004034
410734.299988985
410734.399974585
410734.499992847
410734.599949121
410734.699976206
410734.800028324
410734.900026798
410735.00000596
410735.099987507
410735.200037241
410735.300042629
410735.400022745
410735.499948978
410735.599977732
410735.700017929
410735.79999423
410735.900022268
410736.000004292
410736.099952698
410736.199981451
410736.29995966
410736.400000572
410736.499963284
410736.600000858
410736.699990749
410736.800004005
410736.900005102
410737.00001812
410737.099990606
410737.200004816
410737.300021172
410737.399952888
410802.499950647
410802.599951982
410802.699967861
410802.7999506
410802.899957657
410802.999956131
410803.099957228
410803.200000525
410803.299972773
410803.400032043
410803.500008821
410803.599978209
410803.699997425
410803.800017357
410803.900018692
410804.000012875
410804.099969625
410804.199982643
410804.299966574
410804.400159597
410804.499942064
410804.599966049
410804.699974537
410804.799987078
410804.89999342
410804.999969721
410805.099952459
410805.199964285
410805.29995656
410805.399952888
410805.499983311
410805.599991322
410805.699958563
410805.799975157
410805.899978638
410805.999956608
410806.09995389
410806.199958563
410806.299957275
410806.399959564
410806.499998569
410806.600008249
410806.699954271
410806.799952269
410806.899951696
410806.99998951
410807.099953175
410807.199985266
410807.299957752
410807.399952888
410960.699965715
410960.799979925
410960.899954081
410960.999989986
410961.100028992
410961.200027943
410961.300012827
410961.399984598
410961.500003815
410961.599953651
410961.700028658
410961.80003047
410961.900021076
410961.999983788
410962.10000062
410962.200033426
410962.300024033
410962.399982214
410962.500008583
410962.599996328
410962.69994998
410962.800165653
410962.899951935
410963.000033379
410963.10002017
410963.200030088
410963.300000191
410963.400041342
410963.500020742
410963.599973679
410963.700186491
410963.799998522
410963.900031805
410964.000030756
410964.10004282
410964.200019598
410964.299984217
410964.399991274
410964.50007987
410964.600029707
410964.700020552
410964.800014973
410964.90001297
410964.999981642
410965.100036383
410965.200017214
410965.299962044
410965.399978638
410965.50003314
410965.600010872
410992.699967146
410992.799989939
410992.900012016
410992.999961138
410993.099995613
410993.200028181
410993.299985647
410993.400027037
410993.499951363
410993.599951506
410993.699948549
410993.800000191
410993.900054693
410994.000016212
410994.099977732
410994.20001626
410994.30001235
410994.400012255
410994.500020266
410994.599999666
410994.699947834
410994.799992323
410994.899989367
410995.000004292
410995.099957705
410995.199985504
410995.299961567
410995.399992704
410995.50001955
410995.600019455
410995.700016737
410995.800054312
410995.900004625
410996.000032425
410996.100031137
410996.200015545
410996.299948931
410996.400010824
410996.499963284
410996.600017786
410996.700004578
410996.800004959
410996.900000811
410997.000053644
410997.09997201
410997.200024605
410997.30002594
410997.400028706
410997.500030518
410997.600049496
411193.300008774
411193.399948597
411193.499988079
411193.600009441
411193.699947119
411193.799947023
411193.899960279
411194.000018597
411194.100022078
411194.200034142
411194.299998522
411194.39998889
411194.500067234
411194.599963665
411194.699998379
411194.800002098
411194.900013685
411195.000007629
411195.100018263
411195.200007915
411195.29997921
411195.399952888
411195.500017881
411195.600046635
411195.699992418
411195.800018787
411195.899969816
411195.999947548
411196.099965572
411196.199988365
411196.300004959
411196.399977922
411196.500040293
411196.600012302
411196.700004816
411196.800094128
411196.899995565
411197.000025034
411197.100014925
411197.199950457
411197.299992561
411197.400009632
411197.500030518
411197.600014448
411197.699999332
411197.799994946
411197.899974823
411198.000034809
411223.499999762
411223.599992514
411223.7000072
411223.800051928
411223.900179863
411224.000014067
411224.100042105
411224.199991703
411224.299974918
411224.400032043
411224.500034571
411224.600022078
411224.700015068
411224.799997568
411224.900054216
411225.000055075
411225.10002017
411225.200015545
411225.299948454
411225.400034904
411225.500030994
411225.600052357
411225.700030565
411225.799996853
411225.899950743
411226.000003576
411226.099997044
411226.200006485
411226.299966335
411226.399954319
411226.499981642
411226.600007772
411226.699955463
411226.800043821
411226.900016069
411227.000029325
411227.100035906
411227.200029612
411227.300007105
411227.400027752
411227.500046968
411227.599965572
411227.700035334
411227.800032854
411227.899959803
411228.000025272
411228.100022554
411228.200034618
411228.300047398
411228.400033712
411361.299974918
411361.400013447
411361.499977589
411361.599969387
411361.699975729
411361.799962997
411361.900057316
411361.99996829
411362.099977493
411362.199970961
411362.299969673
411362.400030851
411362.499990702
411362.600036383
411362.700022221
411362.799994946
411362.899965286
411362.999948263
411363.100018024
411363.19999218
411363.299997091
411363.400019646
411363.49998188
411363.599946022
411363.699986458
411363.799954176
411363.899974823
411363.999952316
411364.099986076
411364.199950457
411364.299946785
411364.39994669
411364.499963999
411364.599950314
411364.699957371
411364.800017118
411364.900003195
411364.999993324
411365.100001335
411365.199984789
411365.29995513
411365.399952888
411365.500007391
411365.599985361
411365.700000286
411365.799992561
411365.899958611
411365.999949217
411366.099951982
411368.400039673
411369.699980736
411369.799964428
411369.900000811
411369.99996233
411370.099962234
411370.200038671
411370.299968719
411370.400053024
411370.499978065
411370.59997201
411370.699971914
411370.799969912
411370.899970055
411370.999966145
411371.099964619
411371.200004339
411371.299965143
411371.399965525
411371.499955654
411371.59995532
411371.699995518
411371.79997468
411371.89997673
411371.999948978
411372.099970818
411372.200045586
411372.299954653
411372.40000844
411372.499997377
411372.599986792
411372.699985027
411372.799954653
411372.899995565
411373.000021458
411373.099975586
411373.199989796
411373.300065041
411373.400004864
411373.499970198
411373.599999189
411373.700005293
411373.800018311
411373.900023699
411373.999996901
411374.100123882
411374.200398684
411374.299961329
411374.400029659
411374.499987841
411374.599995852
411374.699997663
411374.79996109
411374.899995804
411374.999979258
411375.100033283
411375.199988365
411375.299986839
411375.399954796
411375.499954462
411375.600009203
411375.700005531
411375.799990416
411375.899944305
411375.999990225
411376.100005865
411376.199995518
411376.299946547
411376.399955034
411376.499981642
411376.599983215
411376.699951172
411376.799950838
411376.899950266
411376.999996424
411377.100163937
411377.199964762
411377.299981594
411377.399943352
411377.499947548
411377.599945307
411377.699955702
411377.799999952
411377.899955511
411377.99994874
411378.099997759
411378.199952364
411378.299977303
411378.399989367
411378.500001192
411378.599989176
411378.699949503
411378.799990416
411378.900000572
411379.000015974
411379.09995532
411379.200001717
411379.299987316
411379.399946928
411379.500001907
411379.599961519
411379.699983358
411379.799971819
411379.900004625
411379.999946594
411380.099968195
411380.19994688
411380.299968004
411380.399950743
411380.499991179
411380.599997759
411380.699950457
411380.79999423
411380.899955511
411380.999976158
411381.099954367
411381.199970007
411381.299960136
411381.399952888
411381.499969006
411381.599975586
411381.699972153
411381.799959183
411381.89999032
411381.999980688
411382.099950314
411382.199957132
411382.2999475
411382.399946928
411382.499955893
411382.599954367
411382.699990034
411382.79995656
411382.900042534
411382.99998951
411383.099970579
411383.19995904
411383.299969673
411383.400083065
411383.500039577
411383.599952936
411383.699951172
411383.799949408
411383.899950981
411383.999951363
411384.0999856
411384.19996357
411384.299990654
411384.399947166
411384.499952316
411384.599975109
411384.699984789
411384.799944162
411384.900026083
411385.000007391
411385.09994936
411385.199997663
411385.299972296
411385.399947405
411385.499979019
411385.599967241
411385.699947596
411385.799989939
411385.899962425
411385.999972343
411386.099962234
411386.199967861
411386.299958467
411386.399949551
411386.499992371
411386.599973202
411386.699974537
411386.799958229
411386.899958372
411386.999954224
411387.099953413
411387.199957609
411387.299955606
411387.39999795
411387.499950409
411387.599947929
411387.69999671
411387.799953222
411387.899952888
411387.999991894
411388.099953413
411388.199954987
411388.299954414
411388.399950504
411388.500047922
411388.59995842
411388.699957132
411388.7999897
411388.89995122
411388.999997616
411389.099960327
411389.199956417
411389.299949169
411389.399945974
411389.499945641
411389.599975109
411389.699981213
411389.799948215
411389.899948359
411389.999949217
411390.099953651
411390.199950933
411390.299950361
411390.399950743
411390.499947548
411390.599957228
411390.700074911
411390.799968243
411390.899948359
411390.999951601
411391.099954367
411391.199949741
411391.299950123
411391.39995575
411391.499955654
411391.599993944
411391.699950218
411391.799981356
411391.900039196
411392.000002623
411392.09995985
411392.200056791
411392.29995513
411392.399986029
411392.499951363
411392.599958897
411392.699991465
411392.79996419
411392.900011063
411392.999958038
411393.099951744
411393.199950457
411393.300000429
411393.399958372
411393.499956369
411393.599953651
411393.699985743
411393.800017595
411393.900024891
411394.000002861
411394.099952459
411394.199956656
411394.299952745
411394.399993896
411394.499976873
411394.600022793
411394.699957609
411394.799949646
411394.899958611
411394.999973059
411395.099957705
411395.199954748
411395.299984217
411395.399947643
411395.499950647
411395.600009918
411395.699955225
411395.799951792
411395.899949074
411395.999958515
411396.099994659
411396.199966192
411396.300039053
411396.39995575
411396.4999578
411396.599960804
411396.699996233
411396.799963474
411396.899954557
411396.999944925
411397.099946022
411397.199946404
411397.299964905
411397.400005102
411397.499970436
411397.59999609
411397.699961185
411397.799958706
411397.89994812
411397.999949932
411398.09995079
411398.199951172
411398.299995184
411398.39995265
411398.499948025
411398.599989891
411398.700026989
411398.799954176
411398.899959803
411398.999956369
411399.099951029
411399.199991465
411399.299949169
411399.399956703
411399.49995923
411399.599964619
411399.700011015
411399.799967289
411399.899950743
411399.999976635
411400.100021124
411400.199997187
411400.299993992
411400.399989367
411400.499979496
411400.600048542
411400.699951887
411400.800006151
411400.899991751
411400.999956608
411401.100003958
411401.200000763
411401.299975395
411401.400064707
411401.499977827
411401.5999856
411401.700021029
411401.800055027
411401.899964333
411402.000016928
411402.099961281
411402.20002985
411402.299952507
411402.399985552
411402.499999762
411402.599970102
411402.69994998
411402.799975872
411402.899947643
411402.999960899
411403.09995079
411403.19995594
411403.300014019
411403.39997983
411403.500018597
411403.599946737
411403.699963093
411403.799950361
411403.900000572
411404.000000954
411404.09995389
411404.199951887
411404.299957752
411404.399955273
411404.499992847
411404.59995389
411404.699996233
411404.800030231
411404.900008202
411404.999999762
411405.099951506
411405.199952364
411405.299986839
411405.399958849
411405.49995327
411405.599994898
411405.699998617
411405.800011396
411405.899950266
411405.999947548
411406.099998713
411406.200015068
411406.299982548
411406.399950504
411406.499945402
411406.599950075
411406.699956656
411406.799987793
411406.899948597
411406.999969721
411407.099975348
411407.199944496
411407.299991846
411407.399970055
411407.499988317
411407.599954844
411407.70003581
411407.799967289
411407.899969101
411407.999997616
411408.10000658
411408.200010538
411408.30000329
411408.399963379
411408.500006676
411408.599969864
411408.699970961
411408.799953938
411408.899947643
411408.999953032
411409.099946499
411409.199979782
411409.299955368
411409.399972916
411409.499946117
411409.59995842
411409.699952364
411409.799949884
411409.899954081
411409.999950171
411410.099949598
411410.199954033
411410.299948215
411410.399956226
411410.499966621
411410.599961758
411410.699946404
411410.799944401
411410.900006294
411411.00001812
411411.099989176
411411.200005531
411411.300029039
411411.399957657
411411.50002861
411411.599959135
411411.699955463
411411.800107479
411411.899965763
411411.999988079
411412.099990368
411412.199954271
411412.299991131
411412.399953127
411412.499969482
411412.600039482
411412.699951172
411412.799986601
411412.899949551
411412.999964237
411413.099948168
411413.199976921
411413.29998064
411413.400244951
411413.499948025
411413.59999299
411413.700011253
411413.799999952
411413.899993181
411414.000030756
411414.100001574
411414.200055599
411414.299946785
411414.399993181
411414.499948502
411414.600304127
411414.699957609
411414.799993038
411414.900014877
411415.00008893
411415.099955559
411415.199954271
411415.300009966
411415.399948597
411415.500026703
411415.600026846
411415.700067043
411415.800051689
411415.900014639
411416.000005484
411416.100039482
411416.200020075
411416.299983263
411416.399989605
411416.500022411
411416.600008488
411416.699970007
411416.799986362
411416.899984837
411417.000046492
411417.099951506
411417.199949026
411417.299992323
411417.399977446
411417.499972105
411417.600013256
411417.700011015
411417.799964905
411417.899955273
411417.999994516
411418.099993944
411418.200028896
411418.300032616
411418.399950743
411418.499952078
411418.599994421
411418.700001717
411418.799949646
411418.900002956
411418.999988317
411419.099950075
411419.20000124
411419.299950838
411419.399957895
411419.499992132
411419.599947691
411419.700174093
411419.799952984
411419.900039911
411420.000001907
411420.099941254
411420.199999094
411420.300078869
411420.399990559
411420.499988079
411420.599946499
411420.699949503
411420.7999506
411420.899992704
411420.999958277
411421.099949121
411421.199955702
411421.299953222
411421.399953842
411421.499963522
411421.599954367
411421.69995451
411421.799954414
411421.900006771
411421.999998331
411422.099950075
411422.199948549
411422.299948454
411422.400006533
411422.500012875
411422.6000247
411422.700012445
411422.800015688
411422.899996281
411423.000010729
411423.100041389
411423.200008392
411423.300009727
411423.399947882
411423.499989271
411423.600004196
411423.699949265
411423.799949169
411423.899968386
411423.999955177
411424.099956989
411424.199957848
411424.29999423
411424.400007248
411424.499992847
411424.600048304
411424.699972868
411424.799949408
411424.900000811
411424.999972582
411425.099984169
411425.19999361
411425.300019264
411425.399948835
411425.500035524
411425.600022554
411425.700009108
411425.800026894
411425.900017738
411425.99998951
411426.099999666
411426.200015068
411426.300012112
411426.400011063
411426.500026703
411426.600023031
411426.700031042
411426.800041199
411426.899996758
411426.999988556
411427.099949837
411427.200029612
411427.300035238
411427.40001893
411427.499982834
411427.599945307
411427.700011253
411427.800030947
411427.900033712
411428.000015497
411428.099983692
411428.200012207
411428.300033808
411428.400024414
411428.50001359
411428.600013733
411428.700007677
411428.799999475
411428.899991035
411429.000016451
411429.099982023
411429.199980021
411429.299985647
411429.40000391
411429.500001192
411429.599999666
411429.700010538
411429.799975157
411429.899992228
411429.99999094
411430.100042582
411430.199967146
411430.300065041
411430.399994373
411430.499953747
411430.599989176
411430.700028658
411430.800016165
411430.899947166
411431.00000906
411431.099947453
411431.199950218
411431.299944401
411431.400016785
411431.499998569
411431.600032568
411431.700015068
411431.799981833
411431.899972677
411431.999962568
411432.100039244
411432.200014114
411432.300047636
411432.399987459
411432.50000906
411432.600023508
411432.700036049
411432.800034523
411432.900020123
411433.000025749
411433.100085258
411433.200043201
411433.300020695
411433.399985552
411433.499993086
411433.600008249
411433.700027943
411433.800002575
411433.899963856
411434.000016212
411434.100047588
411434.199991226
411434.299954891
411434.400041819
411434.500013828
411434.600013018
411434.700051546
411434.800001621
411434.90000844
411435.000010014
411435.100009918
411435.200008631
411435.2999928
411435.399987459
411435.499989271
411435.59994936
411435.699949741
411435.799948454
411435.900034428
411436.00002265
411436.099978685
411436.200026512
411436.30000782
411436.400005341
411436.500002861
411436.600011349
411436.700026035
411436.800020695
411436.900016785
411437.000007391
411437.099961281
411437.20001173
411437.299944639
411437.400005817
411437.499973297
411437.600004435
411437.699987888
411437.80001545
411437.899964094
411438.000038624
411438.100022078
411438.199953794
411438.300024271
411438.399992228
411438.500001907
411438.600024939
411438.700035572
411438.800018787
411438.899985075
411438.999993324
411439.100017786
411439.200024605
411439.300008535
411439.399971247
411439.500007868
411439.600044489
411439.699951172
411439.799990416
411439.899980068
411439.999996424
411440.100012541
411440.200054407
411440.300009489
411440.399953127
411440.500017405
411440.600015879
411440.700007439
411440.800013065
411440.900056362
411441.000017881
411441.10006547
411441.199961185
411441.30003643
411441.399998903
411441.500019312
411441.599965096
411441.700062275
411441.799965858
411441.900016069
411441.999996662
411442.100006342
411442.199971914
411442.300044775
411442.399983406
411442.499990463
411442.59994936
411442.699950218
411442.79993844
411442.899956226
411442.999965668
411443.099977016
411443.199957132
411443.30002141
411443.399980545
411443.500002861
411443.600028515
411443.7000103
411443.799987078
411443.900006056
411444.000048876
411444.100016356
411444.200059652
411444.300054073
411444.40003252
411444.50003767
411444.600014687
411444.69998908
411444.799952984
411444.900041819
411445.000027657
411445.100045204
411445.199960709
411445.300031424
411445.400024891
411445.499992609
411445.599963903
411445.699982166
411445.799983501
411445.899996281
411446.000030756
411446.100039244
411446.199997902
411446.299963474
411446.40002799
411446.50001955
411446.599969625
411446.699956656
411446.800028324
411446.900022745
411447.000008345
411447.100040913
411447.200005293
411447.300027609
411447.400013208
411447.50001502
411447.599980354
411447.70000577
411447.800034046
411447.900019407
411447.999948263
411448.099995136
411448.200040102
411448.300034761
411448.399977684
411448.499998808
411448.59998107
411448.699994326
411448.799951792
411448.899962664
411448.999942303
411449.100019455
411449.199995756
411449.300034761
411449.399940491
411449.500025034
411449.600018263
411449.699980497
411449.800031185
411449.900003672
411450.000090122
411450.100005865
411450.200051069
411450.300005436
411450.400054216
411450.499973536
411450.600003481
411450.699983835
411450.800009966
411450.900044203
411451.00023818
411451.100032091
411451.199977636
411451.300016165
411451.399969816
411451.499958992
411451.600034475
411451.700012922
411451.799990177
411451.899968386
411452.000019312
411452.099937201
411452.200028419
411452.300055265
411452.400009871
411452.499969244
411452.600022793
411452.700036526
411452.800015211
411452.9000175
411452.999951839
411453.099994421
411453.200022697
411453.300002575
411453.399952888
411453.499971628
411453.600011349
411453.69998765
411453.799949646
411453.900002003
411454.000040054
411454.100023746
411454.200014353
411454.300018311
411454.400030136
411454.499951839
411454.599985123
411454.700000048
411454.800034761
411454.900011063
411455.00001812
411455.099971056
411455.200001478
411455.300044298
411455.400020361
411455.499986172
411455.599953413
411455.700028181
411455.800013065
411455.899985313
411455.999994278
411456.100156784
411456.200010061
411456.300032377
411456.400016308
411456.499989986
411456.599952459
411456.700027704
411456.80001688
411456.900014877
411456.99998045
411457.100004196
411457.19995451
411457.299978018
411457.400032282
411457.500017643
411457.600013256
411457.700012922
411457.799969673
411457.899969339
411457.999970198
411458.100059748
411458.200032949
411458.300014734
411458.400006294
411458.500014305
411458.599989891
411458.70001626
411458.800014973
411458.90004468
411458.999993086
411459.100003719
411459.200032711
411459.300004005
411459.400017738
411459.499999762
411459.600033522
411459.700037718
411459.799998999
411459.899992228
411460.00000596
411460.100025415
411460.200031996
411460.299979925
411460.400027514
411460.499979734
411460.600025177
411460.700024843
411460.79999423
411460.900005102
411460.999958754
411461.100023985
411461.200049162
411461.300006866
411461.400001526
411461.500026941
411461.600011826
411461.70001936
411461.800081253
411461.900024652
411462.000023365
411462.099947453
411462.200014591
411462.300004721
411462.39999938
411462.500030756
411462.599987507
411462.700151443
411462.799944401
411462.900002241
411463.000030041
411463.100033283
411463.199942827
411463.300003767
411463.399949312
411463.499983549
411463.600036621
411463.699987411
411463.800008059
411463.900006771
411464.00002861
411464.099992037
411464.200052023
411464.299988747
411464.399981499
411464.499994278
411464.600040197
411464.700013876
411464.799974203
411464.900024176
411465.000050783
411465.099948406
411465.199947357
411465.299993753
411465.399948835
411465.500034809
411465.599954128
411465.700005531
411465.800054073
411465.900055408
411465.999948263
411466.100017071
411466.200005293
411466.300028324
411466.400027275
411466.499994278
411466.599949837
411466.700027466
411466.799993515
411466.900005341
411466.999992371
411467.099960566
411467.200028181
411467.299948215
411467.400037527
411467.499976397
411467.599950075
411467.700017929
411467.800015688
411467.899970055
411467.99999094
411468.099952459
411468.200008154
411468.300015211
411468.399982929
411468.499958754
411468.599945545
411468.699947357
411468.800026417
411468.900010347
411469.000000954
411469.099969387
411469.19999218
411469.30004096
411469.40002346
411469.500017643
411469.600045681
411469.699977875
411469.800037384
411469.899950743
411470.000004768
411470.100033045
411470.200009823
411470.30003643
411470.400009155
411470.500002146
411470.600026846
411470.700017691
411470.799986124
411470.899997711
411470.999952793
411471.099996805
411471.199954748
411471.299994946
411471.400223732
411471.500051975
411471.600007296
411471.70000577
411471.800017834
411471.899986267
411471.999980688
411472.10002327
411472.200016975
411472.300064564
411472.400006294
411472.500000477
411472.60001874
411472.700044155
411472.799979448
411472.899940491
411473.000010729
411473.100008726
411473.199997425
411473.299997568
411473.400012732
411473.500044584
411473.600013971
411473.700078487
411473.800026178
411473.900018692
411473.999985695
411474.099946499
411474.200013161
411474.300028086
411474.399986029
411474.499951839
411474.6000278
411474.70000267
411474.80003047
411474.899967909
411475.000015974
411475.100028276
411475.199973345
411475.299964666
411475.399959803
411475.499995232
411475.600002527
411475.700029612
411475.800047159
411475.899988413
411475.999991179
411476.099950314
411476.200028896
411476.300018549
411476.400013208
411476.499958515
411476.599953651
411476.700037956
411476.800018549
411476.899989605
411476.999952555
411477.099952459
411477.199951887
411477.299976349
411477.400010824
411477.499978304
411477.599976778
411477.699952364
411477.799973488
411477.899943113
411477.999985933
411478.099955082
411478.200010061
411478.299980879
411478.399944067
411478.499967098
411478.599951506
411478.699982643
411478.799976349
411478.899996042
411479.000032425
411479.10003829
411479.200001717
411479.300013542
411479.399994373
411479.499949694
411479.600008726
411479.699945688
411479.799964666
411479.899990559
411480.000006676
411480.099950552
411480.200038671
411480.30001092
411480.39995265
411480.499986172
411480.599951506
411480.699991941
411480.799953222
411480.899965048
411480.999955416
411481.099997997
411481.199943542
411481.299982786
411481.399945021
411481.499978542
411481.5999403
411481.700022221
411481.800014973
411481.899951935
411481.999998808
411482.100013494
411482.199980974
411482.299951077
411482.39995265
411482.499952555
411482.599993944
411482.699973106
411482.800026894
411482.899977922
411482.999955654
411483.099959135
411483.199954748
411483.299952984
411483.399974346
411483.499960423
411483.59997654
411483.700000763
411483.799989939
411483.900048256
411484.000007629
411484.099981308
411484.200032711
411484.299944162
411484.399964571
411484.499955177
411484.599958181
411484.699955463
411484.799996138
411484.900009871
411484.999969006
411485.100010633
411485.200002432
411485.299981833
411485.399947405
411485.500057936
411485.599945068
411485.699947119
411485.80002594
411485.90003705
411486.000026703
411486.100053549
411486.200019121
411486.299990654
411486.400022745
411486.500020266
411486.600028992
411486.700018883
411486.799987078
411486.899991751
411487.000003338
411487.100032806
411487.19998455
411487.300013065
411487.400018215
411487.499948502
411487.600063086
411487.699967861
411487.800027132
411487.900010824
411487.999965906
411488.099951267
411488.199975491
411488.300008297
411488.399987936
411488.500014544
411488.599994659
411488.699941397
411488.800038815
411488.899977922
411488.999989748
411489.099958658
411489.200015545
411489.300023317
411489.399988413
411489.500032902
411489.600028992
411489.700024128
411489.799962521
411489.899984598
411489.999976158
411490.10005188
411490.200023413
411490.29996109
411490.39994359
411490.499995947
411490.599997997
411490.700031757
411490.800029516
411490.899978161
411490.999983788
411491.099959612
411491.200041771
411491.29996419
411491.400012255
411491.499995947
411491.600028753
411491.699986219
411491.799953461
411491.899976254
411492.000033617
411492.099992275
411492.199979544
411492.2999475
411492.399993658
411492.500017881
411492.600035429
411492.699952841
411492.800011158
411492.900012255
411492.999957085
411493.100016356
411493.200021744
411493.30010891
411493.39998889
411493.499951124
411493.600001812
411493.700044394
411493.800018549
411493.899997473
411493.999988556
411494.099951029
411494.200038195
411494.300053596
411494.40001297
411494.49996233
411494.600005388
411494.700036764
411494.799951792
411494.899974823
411495.000047445
411495.100000858
411495.200030088
411495.29998374
411495.399981737
411495.499946594
411495.600023508
411495.700034142
411495.800035
411495.900020361
411495.999966383
411496.099969625
411496.200009346
411496.299996376
411496.399967909
411496.500065327
411496.599988461
411496.699998617
411496.800004959
411496.90000391
411496.99996829
411497.099973202
411497.199946404
411497.299945831
411497.399948835
411497.500036955
411497.599994659
411497.700006962
411497.799952984
411497.900034666
411498.000054598
411498.099997044
411498.199949026
411498.299980164
411498.399987221
411498.500029087
411498.600058556
411498.699995279
411498.799961805
411498.89995718
411499.000020504
411499.099983215
411499.199951649
411499.29995966
411499.399983883
411499.499961376
411499.600012779
411499.699992895
411499.799971342
411499.899979115
411499.999949217
411500.099974871
411500.20001626
411500.30000639
411500.399982452
411500.499969482
411500.599994659
411500.699980259
411500.800039053
411500.900020361
411500.999964952
411501.100035906
411501.199944973
411501.299958944
411501.399943352
