411837.39974308
411837.499759674
411837.599723101
411837.699734926
411837.799726486
411837.89972353
411837.999719143
411838.099736214
411838.199767828
411838.299762487
411838.399733067
411838.499760151
411838.5997293
411838.69975996
411838.799784899
411838.8997612
411838.999732494
411839.099726439
411839.19974184
411839.299728632
411839.399781466
411839.499731302
411839.599734068
411839.699767828
411839.799736738
411839.89972353
411839.999736309
411840.099761009
411840.199725151
411840.299757242
411840.399727345
411840.499719381
411840.599734306
411840.699726582
411840.799719572
411840.899757862
411840.999759674
411841.099795818
411841.199753046
411841.299726486
411841.399721384
411841.499740124
411841.599756479
411841.69972229
411841.799722433
411841.899769783
411841.999770403
411842.09973073
411842.19973135
411842.299722672
411842.399721384
411842.499726534
411842.599939585
411842.699798346
411842.79974103
411842.899731159
411842.99971652
411843.099717617
411843.199729204
411843.29973197
411843.399800539
411843.499722004
411843.599758387
411843.699728727
411843.799804926
411843.899761915
411843.999729156
411844.099749565
411844.199718714
411844.299750566
411844.399729252
411844.499838591
411844.599850655
411844.699839115
411844.799740076
411844.89975667
411844.999814272
411845.099770784
411845.199739218
411845.299792528
411845.399768829
411845.499718666
411845.599765301
411845.699723244
411845.799776793
411845.899717569
411845.999749899
411846.099748611
411846.199773073
411846.299757719
411846.399756432
411846.499767542
411846.599763155
411846.699798822
411846.799726248
411846.899798632
411846.999765635
411847.099773645
411847.199748755
411847.299755812
411847.399762392
411847.499760389
411847.599768639
411847.699765921
411847.799799442
411847.899940491
411847.999726534
411848.099763632
411848.19977212
411848.299726963
411848.39975667
411848.499758005
411848.599896669
411848.699768305
411848.799770594
411848.899768114
411848.999748468
411849.0997262
411849.199793339
411849.29974246
411849.399750233
411849.499726057
411849.599730015
411849.699793339
411849.799771547
411849.899720907
411849.99972868
411850.099848032
411850.199777842
411850.29973197
411850.399750233
411850.499768734
411850.599730253
411850.699744225
411850.799718618
411850.899768829
411850.999722958
411851.099728107
411851.199753284
411851.299767256
411851.39977169
411851.499780893
411851.599755526
411851.699745417
411851.799721956
411851.899775505
411851.99974227
411852.099770784
411852.199725628
411852.299948692
411852.39985013
411852.499790192
411852.599748135
411852.699762344
411852.799724579
411852.899762869
411852.999722481
411853.099752665
411853.199817181
411853.299768209
411853.399807692
411853.499723673
411853.599723577
411853.699718952
411853.799762487
411853.899722576
411853.999725819
411854.099757195
411854.199739695
411854.29976058
411854.399751902
411854.499785185
411854.599747419
411854.699750185
411854.802307129
411854.899723768
411854.999740839
411855.099839449
411855.199747086
411855.299751282
411855.399744034
411855.499746799
411855.599890709
411855.699739218
411855.799773455
411855.89977932
411855.999778509
411856.099769115
411856.199779987
411856.299761772
411856.39977622
411856.499785423
411856.599769354
411856.699754238
411856.79978919
411856.899774551
411856.99972558
411857.099778891
411857.19977951
411857.299765348
411857.399721861
411857.49976182
411857.599740744
411857.699777842
411857.799780607
411857.899769783
411857.999770403
411858.0997293
411858.199775934
411858.299771786
411858.399749517
411858.499768972
411858.599754095
411858.699751854
411858.799761295
411858.899767876
411858.999771595
411859.099726439
411859.199728251
411859.299780607
411859.399802208
411859.499789476
411859.599779606
411859.699725866
411859.799788237
411859.89972949
411859.999773741
411860.099768877
411860.199767828
411860.299851418
411860.399748087
411860.499738693
411860.599772453
411860.699770927
411860.799759388
411860.899851561
411860.999741793
411861.099724054
411861.199786901
411861.299721003
411861.399769306
411861.499767542
411861.599781513
411861.699778318
411861.799774408
411861.899833679
411861.999782085
411862.099755764
411862.199794054
411862.299766779
411862.399770021
411862.499737263
411862.599789619
411862.699777603
411862.799773693
411862.899769306
411862.999781847
411863.099778414
411863.199761152
411863.299809933
411863.399790525
411863.499768972
411863.599773407
411863.699785948
411863.7997756
411863.899775982
411863.999779463
411864.099724531
411864.199763775
411864.299730778
411864.399731398
411864.499754429
411864.599766493
411864.699777603
411864.799776077
411864.899772644
411864.99972558
411865.099722862
411865.199725866
411865.299768686
411865.399724483
411865.499791384
411865.599764109
411865.699730635
411865.79979229
411865.899776697
411865.999769688
411866.099733829
411866.199724913
411866.299776554
411866.399773598
411866.499772787
411866.599766254
411866.699943066
411866.799772024
411866.89977169
411866.999717712
411867.099731684
411867.199753046
411867.299788237
411867.399730206
411867.499727964
411867.599777222
411867.699769258
411867.799772263
411867.899835825
411867.999765635
411868.099724054
411868.199765205
411868.299765825
411868.399814606
411868.499780655
411868.599777699
411868.699779749
411868.799771547
411868.899756908
411868.99974823
411869.099734306
411869.199766397
411869.299760818
411869.399764776
411869.499794006
411869.5997715
411869.699730396
411869.799773932
411869.899775743
411869.999750137
411870.0997715
411870.199768543
411870.299855709
411870.399749041
411870.499732733
411870.599779844
411870.699764252
411870.799771309
411870.899779797
411870.999733448
411871.099731207
411871.200086355
411871.299725771
411871.399770498
411871.499771595
411871.599784374
411871.699720621
411871.799769402
411871.899778843
411871.999781847
411872.099766016
411872.199719667
411872.299763203
411872.399791479
411872.499765873
411872.599720716
411872.699723244
411872.799724817
411872.899772882
411872.999784708
411873.099786758
411873.199793339
411873.299752951
411873.399725199
411873.499729633
411873.599800587
411873.699769974
411873.799717665
411873.899789572
411873.99979043
411874.099770546
411874.199739218
411874.299718618
411874.399757147
411874.499778271
411874.599751234
411874.699779034
411874.799765348
411874.899768591
411874.999753475
411875.099767208
411875.199764729
411875.299738646
411875.399776936
411875.499739885
411875.599795341
411875.699783087
411875.799776077
411875.899743319
411875.999722004
411876.099724531
411876.199724674
411876.299743891
411876.399755239
411876.499734879
411876.59976387
411876.699725151
411876.79979372
411876.899735212
411876.999740839
411877.099730253
411877.199764252
411877.299762249
411877.399753094
411877.499777317
411877.599731922
411877.699776173
411877.799760342
411877.899729252
411877.999768257
411878.099767447
411878.199778795
411878.299761295
411878.39972353
411878.499721289
411878.599737167
411878.699777842
411878.79977107
411878.899776459
411878.999732494
411879.0997684
411879.199800014
411879.299769878
411879.399764776
411879.499744654
411879.599721909
411879.699768543
411879.799765825
411879.899775743
411879.999771357
411880.099725485
411880.199776173
411880.299865723
411880.399738312
411880.49977684
411880.599760532
411880.699859619
411880.799774408
411880.899771929
411880.999748945
411881.099757195
411881.199770927
411881.299745798
411881.399926424
411881.499779701
411881.5997684
411881.699795485
411881.799821854
411881.89978528
411881.999754667
411882.099766016
411882.199732542
411882.299751043
411882.399780512
411882.499768257
411882.599730968
411882.699826956
411882.799999952
411977.199782848
411977.299803495
411977.399748564
411977.499795675
411977.599803209
411977.699754477
411977.799736023
411977.899797678
411977.999777555
411978.099747896
411978.199767828
411978.299746037
411978.399725914
411978.499763489
411978.599729776
411978.699765205
411978.799782753
411978.899721622
411978.999757051
411979.099723339
411979.199723005
411979.29972291
411979.399726629
411979.499824762
411979.59999752
411979.699721813
411979.799785852
411979.89978838
411979.999724388
411980.099728346
411980.199786901
411980.299778461
411980.399759769
411980.499728918
411980.599783421
411980.699785948
411980.799724817
411980.899781942
411980.999776363
411981.099750042
411981.199779987
411981.299808741
411981.399772167
411981.499791622
411981.59979248
411981.699798346
411981.799770832
411981.89977026
411981.999787092
412019.499761105
412019.599733829
412019.699780464
412019.799771547
412019.899726391
412019.999730825
412020.099790096
412020.199723959
412020.299784899
412020.399779797
412020.499787807
412020.59977746
412020.699776411
412020.799772501
412020.899771214
412020.999728918
412021.09977603
412021.199788094
412021.29981041
412021.399776697
412021.499763489
412021.599786758
412021.699776411
412021.799772739
412021.89978981
412021.999777079
412022.099735022
412022.199781418
412022.299776316
412022.399769783
412022.49986577
412022.599780321
412022.699779034
412022.799780369
412022.899753571
412022.999789
412023.099787235
412023.19976902
412023.299721718
412023.399722099
412023.499722004
412023.599761248
412023.699787855
412023.799785852
412023.899829149
412023.999728203
412024.099835873
412024.199775696
412024.299834251
412064.599727154
412064.699728489
412064.799757242
412064.899727583
412064.999732494
412065.099724531
412065.199781418
412065.299727678
412065.399723291
412065.499727011
412065.599731922
412065.699725151
412065.799856424
412065.899731159
412065.999779224
412066.099727154
412066.199725866
412066.299768925
412066.399725914
412066.499724865
412066.599725008
412066.699728012
412066.799728155
412066.899804831
412066.999725819
412067.099722385
412067.199725389
412067.299724579
412067.39972353
412067.499791861
412067.599727869
412067.699773312
412067.799818039
412067.899756432
412067.999768257
412068.099906206
412068.199743271
412068.299748182
412068.399728298
412068.499817133
412068.599723339
412068.699727297
412068.799733877
412068.899767399
412068.999724388
412069.0997293
412069.199749231
412069.299749851
412069.399736166
412069.499767065
412095.299740791
412095.399755239
412095.499778509
412095.599727392
412095.699807167
412095.799753904
412095.899781942
412095.999749184
412096.099731445
412096.19974184
412096.299765348
412096.399782896
412096.499725342
412096.599926233
412096.699802637
412096.799790621
412096.899790049
412096.999780893
412097.099787712
412097.199799299
412097.299954414
412097.399798155
412097.499825478
412097.599952936
412097.699797392
412097.799774885
412097.899772644
412097.999808311
412098.099805593
412098.199805737
412098.299800396
412098.399789095
412098.499800444
412098.599783421
412098.699795246
412098.799742699
412098.899788618
412098.999784231
412099.099723101
412099.199781656
412099.29979229
412099.399783134
412099.499724627
412099.59977746
412099.699781179
412099.799776554
412099.899855375
412099.999789238
412100.099789143
412100.199756145
412129.099807978
412129.199761868
412129.299731731
412129.399765968
412129.499727011
412129.599770546
412129.699730158
412129.799762726
412129.89977932
412129.999788046
412130.099772453
412130.199800253
412130.299746752
412130.399735928
412130.499770164
412130.599786758
412130.699772596
412130.799729347
412130.899782896
412130.999768496
412131.099788189
412131.199775696
412131.299717188
412131.399780989
412131.499782085
412131.599753618
412131.699982405
412131.799820185
412131.89977479
412131.999782562
412132.099784374
412132.19977951
412132.299751282
412132.399786472
412132.499810219
412132.59978199
412132.699790478
412132.799756765
412132.899766445
412132.999776602
412133.099808455
412133.199813128
412133.299787998
412133.399742603
412133.499764204
412133.599758625
412133.699814081
412133.799835682
412133.899791479
412195.099753141
412195.199818611
412195.299800634
412195.399825096
412195.499744415
412195.599746943
412195.699748516
412195.799864531
412195.899750471
412195.999748468
412196.099794626
412196.199783325
412196.299739838
412196.399805069
412196.49976635
412196.599783421
412196.699743748
412196.799750566
412196.899768591
412196.999759436
412197.099783421
412197.199748516
412197.299755335
412197.399753571
412197.499804735
412197.599725962
412197.699722052
412197.799768448
412197.899723768
412197.99977684
412198.099737644
412198.199783087
412198.299721003
412198.399756432
412198.499744177
412198.599719286
412198.699719429
412198.79971242
412198.899715662
412198.999809265
412199.099760294
412199.199758768
412199.299730539
412199.399727106
412199.499729156
412199.599753618
412199.699715614
412199.799784899
412199.899728298
412268.099750042
412268.199729443
412268.29977417
412268.399770021
412268.499765396
412268.599724531
412268.69976306
412268.799718857
412268.899723291
412268.999722719
412269.099723101
412269.199727535
412269.299778938
412269.399735689
412269.499750614
412269.599764585
412269.699750423
412269.799719572
412269.899806976
412269.999744177
412270.099776983
412270.199724197
412270.299776793
412270.399747849
412270.499749899
412270.599738598
412270.699721813
412270.799736261
412270.899721384
412270.999759674
412271.099731684
412271.199733973
412271.299777269
412271.399726868
412271.499767065
412271.599752188
412271.699781179
412271.799761295
412271.899755955
412271.999737024
412272.099769592
412272.199728966
412272.299857378
412272.39977622
412272.499767303
412272.599785805
412272.699776649
412272.799732685
412272.899760962
412272.999738932
412318.499758482
412318.599767685
412318.699733973
412318.799781084
412318.899733782
412318.999727488
412319.099810123
412319.199732065
412319.299755335
412319.399735212
412319.499726057
412319.599738598
412319.699772358
412319.799729347
412319.89972496
412319.999749184
412320.099751949
412320.199732065
412320.299730778
412320.399729967
412320.499727249
412320.599727631
412320.699725389
412320.799732924
412320.899769545
412320.999730825
412321.099736214
412321.199729443
412321.2997334
412321.399735689
412321.499773502
412321.599771976
412321.699772358
412321.799770355
412321.899735451
412321.999731064
412322.099774837
412322.199772835
412322.299729824
412322.399736404
412322.499735355
412322.599754095
412322.699719667
412322.799717903
412322.899788141
412322.999768972
412323.099761486
412323.199723482
412323.299733877
412323.399818659
412368.59988904
412368.699841738
412368.799736261
412368.899770975
412368.999745607
412369.099826574
412369.199736595
412369.299767256
412369.399720907
412369.49971962
412369.599770546
412369.699769735
412369.799782515
412369.899780035
412369.999752045
412370.099770546
412370.199767113
412370.299821854
412370.399725437
412370.499765635
412370.599796534
412370.699771881
412370.79976058
412370.899730444
412370.999778748
412371.099737883
412371.199754953
412371.299736738
412371.399798393
412371.499734402
412371.59972477
412371.699760675
412371.79975152
412371.899754047
412371.999768734
412372.099774599
412372.199731112
412372.299731731
412372.399786711
412372.499725819
412372.599767208
412372.699758768
412372.799765825
412372.899732351
412372.999770403
412373.099725962
412373.199774981
412373.299753904
412373.399798155
412373.499728441
412447.899717569
412447.999726534
412448.09975481
412448.199801445
412448.299725533
412448.399734259
412448.499762774
412448.599736691
412448.69972682
412448.799755812
412448.899764299
412448.999787092
412449.099764824
412449.199722767
412449.299728394
412449.399724483
412449.499783278
412449.599732637
412449.699776649
412449.799723148
412449.899775982
412449.999738216
412450.099841595
412450.199767113
412450.299729347
412450.399787903
412450.499759912
412450.599713802
412450.699744225
412450.79971838
412450.899722338
412450.999726772
412451.099721193
412451.199722528
412451.299722672
412451.399770737
412451.499761343
412451.599794865
412451.699768543
412451.799775124
412451.899726629
412451.99972105
412452.099766016
412452.199743271
412452.29975915
412452.399837255
412452.499774218
412452.599731445
412452.699730396
412469.099734783
412469.199725151
412469.299787283
412469.399773836
412469.499807119
412469.599797249
412469.699785948
412469.799795628
412469.899793148
412469.999780655
412470.099776268
412470.199732542
412470.299729824
412470.399783134
412470.499772549
412470.599764824
412470.699760199
412470.799728394
412470.899751425
412470.999723911
412471.099828959
412471.19973135
412471.299819946
412471.399788141
412471.499788523
412471.599767923
412471.699831963
412471.799786091
412471.899803877
412471.999812126
412472.099819183
412472.199793816
412472.29975462
412472.39972806
412472.499736547
412472.599762201
412472.699779272
412472.799819469
412472.899809599
412472.999795914
412473.099778652
412473.199782133
412473.299816132
412473.399801016
412473.499802113
412473.599746943
412473.699736834
412473.799733162
412473.899760723
412473.999723911
412474.699775457
412474.7997787
412474.899790049
412474.999795437
412475.099765539
412475.200190067
412475.299734354
412475.399811268
412475.499732971
412475.599789143
412475.699786425
412475.799734831
412475.899728775
412475.999791145
412476.099789143
412476.199769258
412476.299741983
412476.399784803
412476.499792814
412476.599741936
412476.699727058
412476.799718618
412476.899814129
412476.999796391
412477.099796534
412477.199728966
412477.299732447
412477.399807453
412477.499794722
412477.599804401
412477.699735403
412477.799763441
412477.899754286
412477.99976778
412478.099858761
412478.19976449
412478.299792528
412478.399766922
412478.49977231
412478.59972477
412478.699725628
412478.799726725
412478.899731874
412478.999791384
412479.099731445
412479.199750423
412479.299803257
412479.399750471
412479.499736309
412479.599725962
412479.699778318
412479.799865246
412479.899792433
412479.999730349
412480.09979558
412480.199735165
412480.299727678
412480.399725437
412480.499749422
412480.599743128
412480.699779272
412480.799772978
412480.899751425
412480.99973774
412481.099723339
412481.199776173
412481.299789667
412482.199721813
412482.299713135
412482.399815321
412482.499726295
412482.59972167
412482.699789762
412482.799794436
412482.899812937
412482.999726534
412483.099731922
412483.199729443
412483.299769163
412483.399778843
412483.499779701
412483.599788904
412483.699725866
412483.799821138
412483.899806023
412483.999763966
412484.099722862
412484.199754238
412484.299749613
412484.399780512
412484.499756813
412484.599724293
412484.699748993
412484.799777269
412484.899802685
412484.999817848
412485.099736929
412485.199714661
412485.299741507
412485.399728537
412485.499776602
412485.59978199
412485.699743032
412485.799735546
412485.89973259
412485.999799728
412486.099802017
412486.19981432
412486.299800634
412486.399757147
412486.499787331
412486.599797726
412486.699892998
412486.799776793
412486.899830103
412486.999788284
412487.099738598
412487.199807167
412487.299788952
412487.399814129
412487.499778986
412487.599803209
412487.699826717
412487.799795151
412487.899798632
412487.999735832
412488.099783421
412488.199801445
412540.999735117
412541.099801302
412541.199763536
412541.299739361
412541.399786234
412541.49976635
412541.599746227
412541.699816704
412541.79975152
412541.899781942
412541.999717236
412542.099719763
412542.199723482
412542.299725771
412542.399724007
412542.49971962
412542.599870682
412542.699779749
412542.799721479
412542.899719
412542.999780178
412543.099802971
412543.199728489
412543.299782753
412543.399801016
412543.499727249
412543.599812269
412543.699742794
412543.799781799
412543.899763346
412543.999776125
412544.099733829
412544.199780703
412544.299888849
412544.399738312
412544.499804974
412544.599792957
412544.699773312
412544.799719572
412544.899816275
412544.999753952
412545.099778175
412545.199855328
412545.299766541
412545.399722099
412545.499760866
412545.599765062
412545.699773788
412545.799734831
412545.899783134
412595.499740601
412595.599737167
412595.699812174
412595.799740791
412595.899760962
412595.999721766
412596.099721909
412596.199731827
412596.299789667
412596.399783611
412596.499780655
412596.599747896
412596.699766159
412596.7997787
412596.899750233
412596.999748945
412597.099767923
412597.199773073
412597.299763918
412597.399775982
412597.499760151
412597.599843025
412597.699777126
412597.799788713
412597.89977622
412597.999813795
412598.099728107
412598.199755192
412598.299782991
412598.399777412
412598.499751091
412598.599765778
412598.699792147
412598.799779415
412598.899791718
412598.999768496
412599.099731445
412599.199831963
412599.299733639
412599.399833679
412599.499747276
412599.599801779
412599.699732542
412599.799775839
412599.899758577
412599.999763966
412600.099744558
412600.199903488
412600.29980135
412600.399780512
412622.899830341
412622.999745846
412623.099799156
412623.199736118
412623.299750566
412623.399749994
412623.499736786
412623.599748373
412623.699742079
412623.799745321
412623.899751425
412623.999745846
412624.099801302
412624.199747086
412624.299751759
412624.3997612
412624.499750614
412624.599746466
412624.699748755
412624.799742222
412624.899790049
412624.999750853
412625.099753618
412625.199737072
412625.29973197
412625.399784803
412625.499744415
412625.599749565
412625.699736595
412625.799750328
412625.899783134
412625.999780416
412626.099815369
412626.19974041
412626.299860239
412626.399748564
412626.499744654
412626.599765062
412626.699821711
412626.799755812
412626.899778366
412626.999784708
412627.09977746
412627.199790239
412627.299752712
412627.399803638
412627.499753237
412627.599756002
412627.699773312
412652.199724913
412652.299762011
412652.39978385
412652.499782562
412652.599759102
412652.699752092
412652.799750566
412652.899755716
412652.999795437
412653.099728823
412653.199730635
412653.299726248
412653.399719238
412653.499746084
412653.599748373
412653.699723244
412653.799769878
412653.899721861
412653.999724865
412654.099725246
412654.199774981
412654.299777746
412654.399777412
412654.49977088
412654.599738598
412654.699763536
412654.79972291
412654.899775743
412654.999775171
412655.099722147
412655.199822903
412655.2997334
412655.399756193
412655.499735355
412655.599756002
412655.699767351
412655.799736738
412655.899742126
412655.999807119
412656.099722385
412656.199734449
412656.299789429
412656.399775267
412656.499768019
412656.599766731
412656.699748278
412656.799769163
412656.899876833
412656.999758482
412657.099785089
412683.599747181
412683.699749947
412683.799744129
412683.899750233
412683.999701738
412684.099746227
412684.19974637
412684.299811363
412684.399797201
412684.499797344
412684.599806547
412684.699792385
412684.799747705
412684.899748087
412684.999750376
412685.099788904
412685.199754715
412685.299745321
412685.399813175
412685.499751329
412685.599746227
412685.699786901
412685.79978013
412685.899775982
412685.999731779
412686.099728823
412686.199723959
412686.299742699
412686.399761677
412686.499720573
412686.599724531
412686.699724197
412686.799749613
412686.89972496
412686.999725819
412687.099730015
412687.199764729
412687.299726725
412687.399775743
412687.499753952
412687.599728107
412687.69973135
412687.799726963
412687.899729729
412687.999762535
412688.099723339
412688.199719667
412688.299805403
412688.399724483
412688.499769211
412717.499786139
412717.599780798
412717.699794531
412717.799785137
412717.899746656
412717.99973917
412718.0997262
412718.199760199
412718.299824476
412718.399807692
412718.499779701
412718.599775791
412718.699782372
412718.799774885
412718.899742126
412718.999767065
412719.09978056
412719.199791431
412719.299770355
412719.399775028
412719.499769211
412719.599778414
412719.699777603
412719.799773932
412719.899816036
412719.999811888
412720.099779606
412720.199785948
412720.299757242
412720.39976716
412720.499790668
412720.599739075
412720.699727058
412720.79981041
412720.899735689
412720.999777079
412721.099727392
412721.199745893
412721.299718142
412721.399785042
412721.499791384
412721.599783897
412721.699792862
412721.799813271
412721.899780989
412721.999780416
412722.099789381
412722.199770212
412722.299731731
412722.399735212
412739.299821615
412739.399810314
412739.499729633
412739.599808455
412739.699802876
412739.799790144
412739.899753571
412739.999756336
412740.099789619
412740.199787378
412740.29974556
412740.399726152
412740.499778271
412740.599807501
412740.699798107
412740.79972744
412740.899803877
412740.999793291
412741.099796772
412741.199788332
412741.299766302
412741.399802685
412741.499789476
412741.59973073
412741.69974041
412741.799804449
412741.89980793
412741.999795437
412742.099730968
412742.199724197
412742.299815655
412742.399809122
412742.499793768
412742.599814892
412742.699788094
412742.799806356
412742.899837255
412742.999813318
412743.099807978
412743.199769974
412743.299790621
412743.39977622
412743.499781132
412743.599724293
412743.699893475
412743.799808741
412743.899738312
412743.999728441
412744.099766254
412767.199794054
412767.299731731
412767.399782896
412767.499743938
412767.599809408
412767.699791431
412767.799787283
412767.899760485
412767.999799013
412768.099823713
412768.199795723
412768.299786329
412768.399806499
412768.499804735
412768.599789381
412768.699747562
412768.799766064
412768.89980793
412768.999810696
412769.099758863
412769.199776173
412769.299800634
412769.399793625
412769.499791861
412769.599792957
412769.699761391
412769.799818993
412769.899779081
412769.99980092
412770.099786282
412770.199774027
412770.299793243
412770.399844646
412770.499726772
412770.599776268
412770.699761629
412770.799769878
412770.89972043
412770.999737263
412771.099727392
412771.199728489
412771.29978466
412771.399783134
412771.499726772
412771.599725962
412771.699719667
412771.799717665
412771.899804592
412771.99978137
412772.099778652
412788.299738407
412788.399732828
412788.499739647
412788.599740505
412788.699748993
412788.799739599
412788.899753809
412788.999753237
412789.099748373
412789.19974494
412789.299734354
412789.399741173
412789.499749184
412789.599756718
412789.699845314
412789.799749851
412789.899745464
412789.999760389
412790.099801302
412790.199889898
412790.299740076
412790.399745464
412790.499820709
412790.599818468
412790.699791908
412790.799746752
412790.899752855
412790.999758959
412791.099739075
412791.199778318
412791.299741507
412791.399743795
412791.499738693
412791.599761486
412791.699802637
412791.799753666
412791.899756193
412791.999725342
412792.099722862
412792.199725389
412792.299727678
412792.39978075
412792.499730587
412792.599724293
412792.699725389
412792.799724102
412792.899897575
412792.999760151
412793.099720955
412796.799749613
412796.899782896
412796.999732733
412797.099740982
412797.199728012
412797.299731493
412797.399724483
412797.499759674
412797.599720716
412797.699760437
412797.79974103
412797.899749517
412797.999740839
412798.099735498
412798.199717283
412798.299773693
412798.399733067
412798.499718666
412798.59973073
412798.699724436
412798.799735546
412798.899726629
412798.999733925
412799.099724293
412799.199724674
412799.299735785
412799.399728298
412799.49971962
412799.599767447
412799.699799538
412799.799762011
412799.899788141
412799.999753952
412800.099733829
412800.199793577
412800.299736023
412800.399790764
412800.499734402
412800.599734306
412800.699732065
412800.799723625
412800.899728537
412800.999724627
412801.099734545
412801.199730635
412801.299846411
412801.399730682
412801.499723673
412801.5997262
412801.699770689
412801.799722672
412801.899727106
412801.999729395
412802.099746227
412802.19977355
412802.299776793
412802.399766445
412802.499770403
412802.599728107
412802.699754
412802.799748659
412802.899745941
412802.999790192
412803.099742413
412803.199755669
412803.299758673
412803.399835348
412803.499731541
412803.599772453
412803.699732304
412803.799865484
412803.899750233
412803.999759912
412804.099767685
412804.199774265
412804.29973197
412804.399783373
412804.499778509
412804.599770546
412804.699727774
412804.799727917
412804.899724245
412804.999721527
412805.099724054
412805.199743271
412805.29973197
412805.399726391
412805.499774218
412805.599775553
412805.699729919
412805.799731731
412805.899797916
412805.99975872
412806.099777937
412806.199769974
412806.29982996
412806.39978838
412806.499729156
412806.599759102
412806.699747086
412806.799739361
412806.89978838
412806.999782324
412807.09974575
412807.199770927
412807.299736023
412807.399728537
412807.499731779
412807.599767447
412807.699724436
412807.799725294
412807.899728298
412807.999723673
412808.099742413
412808.199781179
412808.299726248
412808.399792433
412808.499731541
412808.599736214
412808.699727535
412808.799833775
412808.89972806
412808.999728441
412809.09976387
412809.199751377
412809.299726725
412809.399728298
412809.499724627
412809.599729538
412809.699788332
412809.799730062
412809.899725199
412809.999724627
412810.099738598
412810.199723005
412810.299723864
412810.399726391
412810.499741077
412810.599836588
412810.699742317
412810.799769163
412810.89972496
412810.999797106
412811.099770546
412811.199802399
412811.299768925
412811.399767399
412811.499772787
412811.599734783
412811.699773312
412811.799769878
412811.899750948
412811.999783039
412812.099766493
412812.19978714
412812.299816847
412812.399776697
412812.499762058
412812.599765778
412812.699727058
412812.799796104
412812.899768353
412812.999804735
412813.099786282
412813.199788332
412813.299757242
412813.399734974
412813.499773979
412813.599817991
412813.69981575
412813.799768925
412813.899775505
412813.999783993
412814.099775553
412814.199776173
412814.299773693
412814.399765253
412814.499721766
412814.599800348
412814.699778795
412814.799979925
412814.89977169
412814.999795914
412815.09978056
412815.199790239
412815.299762249
412815.399763107
412815.499722958
412815.599751234
412815.699782372
412815.799778461
412815.899763584
412815.999722481
412816.099723339
412816.199722528
412816.299782753
412816.39990592
412816.499758244
412816.599793673
412816.699781895
412816.799775124
412816.899760962
412816.999778986
412817.099779129
412817.199778795
412817.300091505
412817.399812222
412817.499746323
412817.599761009
412817.699725866
412817.799728155
412817.899793625
412817.999791384
412818.099759817
412818.199754238
412818.299777985
412818.399820566
412818.499798059
412818.599726677
412818.699729204
412818.799787521
412818.899795055
412818.999793768
412819.099761724
412819.19977951
412819.299809694
412819.399795294
412819.499755621
412819.599897146
412819.699770212
412819.799779654
412819.899775982
412819.999782085
412820.099726677
412820.199697971
412820.299719572
412820.399719715
412820.499741077
412820.599724054
412820.69972229
412820.799746037
412820.899727106
412820.999816418
412821.099806547
412821.199950933
412821.299781322
412821.399811268
412821.499768019
412821.599792957
412821.699821234
412821.799775124
412821.89975667
412821.99980545
412822.099814177
412822.199790239
412822.299833298
412822.399790287
412822.49980998
412822.599788427
412822.699769497
412822.799791336
412822.899809122
412822.999791145
412823.099789858
412823.199769974
412823.299772024
412823.399811029
412823.499771833
412823.599736214
412823.699768305
412823.799728155
412823.899726391
412823.999774218
412824.099734783
412824.199779987
412824.299732685
412824.399758816
412824.499748945
412824.599784374
412824.699826479
412824.799768448
412824.899804115
412824.999790192
412825.099789381
412825.199720383
412825.299851894
412825.399787664
412825.499814749
412825.599775553
412825.699731588
412825.799829006
412825.899793625
412825.999782324
412826.099728107
412826.199782848
412826.299811602
412826.399753094
412826.499777555
412826.599742889
412826.699809313
412826.799813747
412826.899794102
412826.999806643
412827.099725008
412827.19980979
412827.299803972
412827.399721622
412827.499779701
412827.599812508
412827.699803352
412827.799790144
412827.899870872
412827.999783993
412828.099723101
412828.199785471
412828.299763441
412828.39977026
412828.499818087
412828.599721909
412828.69972086
412828.799794912
412828.899726868
412828.999729633
412829.099805593
412829.199798584
412829.299774885
412829.399778366
412829.499807835
412829.599806547
412829.699794054
412829.799799204
412829.899752855
412829.999744415
412830.099794388
412830.199798822
412830.299780369
412830.399762392
412830.499801874
412830.599834204
412830.699822187
412830.799790382
412830.899796724
412830.999779224
412831.099815607
412831.199769258
412831.299788713
412831.399787426
412831.499810219
412831.599739313
412831.699774742
412831.799789667
412831.899813175
412831.999822855
412832.099806786
412832.200242519
412832.299786091
412832.399820566
412832.499790192
412832.599762917
412832.699766874
412832.799782991
412832.899727821
412832.999784231
412833.099735737
412833.199785233
412833.29979825
412833.399807215
412833.499841452
412833.599744558
412833.699731588
412833.79980135
412833.899784088
412833.999791622
412834.099727869
412834.199727535
412834.299780607
412834.399775028
412834.499766588
412834.599736214
412834.699805021
412834.799800158
412834.899791241
412834.999779463
412835.099766493
412835.199791908
412835.299786806
412835.399744749
412835.499726057
412835.599815369
412835.699801445
412835.799791336
412835.899789095
412835.999768734
412836.099811316
412836.199787617
412836.299782515
412836.399952412
412836.499793053
412836.5998106
412836.699799061
412836.799761295
412836.899731159
412836.999810219
412837.099802256
412837.199789524
412837.299730539
412837.399763346
412837.499809027
412837.599808931
412837.699788094
412837.799767494
412837.899773598
412837.999803782
412838.099791765
412838.199803829
412838.299788952
412838.399792671
412838.499769926
412838.599760771
412838.699729443
412838.799779892
412838.89981246
412838.999842405
412839.099732161
412839.199812651
412839.299806595
412839.399783611
412839.499787807
412839.599725723
412839.699763775
412839.799810171
412839.899808645
412839.999755383
412840.099783421
412840.199780226
412840.299779415
412840.399792194
412840.499789715
412840.59979558
412840.699746847
412840.799775839
412840.899806023
412840.999787092
412841.099795341
412841.199785948
412841.299767256
412841.399806023
412841.499757767
412841.599794388
412841.69976902
412841.79978776
412841.89977169
412841.99979353
412842.099746943
412842.199723959
412842.299748898
412842.399787188
412842.499793291
412842.599813938
412842.699734688
412842.799781561
412842.899789095
412842.999776125
412843.099722862
412843.199722767
412843.299776316
412843.399823666
412843.499820232
412843.599786043
412843.699769497
412843.799795389
412843.899736643
412843.999826431
412844.099788666
412844.199825764
412844.29979229
412844.399785757
412844.499805212
412844.599792004
412844.69977808
412844.799768925
412844.899804831
412844.999805212
412845.09975934
412845.199769497
412845.29980278
412845.399803162
412845.499804258
412845.599784851
412845.699819565
412845.799781561
412845.899810314
412845.999783516
412846.099782467
412846.19973135
412846.2997787
412846.399725914
412846.499747753
412846.599795818
412846.699774027
412846.799789667
412846.899819374
412846.999733925
412847.099811077
412847.199801922
412847.299784184
412847.399807453
412847.499769688
412847.599822521
412847.699792862
412847.799791336
412847.899770737
412847.999754667
412848.099795341
412848.199766874
412848.299753904
412848.399813652
412848.499843359
412848.599778175
412848.699737072
412848.799806833
412848.899777651
412848.999802113
412849.099797487
412849.199791431
412849.299759388
412849.399779081
412849.499796152
412849.599722862
412849.699783564
412849.799827337
412849.899782181
412849.999796152
412850.099789858
412850.199756145
412850.299778461
412850.399777651
412850.4997859
412850.599790573
412850.699726105
412850.799724102
412850.899723768
412850.999746084
412851.099776506
412851.199787617
412851.299724579
412851.399769306
412851.499806881
412851.599810362
412851.699779749
412851.799863338
412851.899802446
412851.999729633
412852.099751234
412852.199783087
412852.299784899
412852.399739265
412852.49977684
412852.59972477
412852.699726105
412852.799727917
412852.899780035
412852.999735832
412853.099770308
412853.199739456
412853.299726963
412853.399764299
412853.499769688
412853.599733353
412853.699731588
412853.799721003
412853.899761438
412853.999784708
412854.099725246
412854.199727774
412854.299735546
412854.399761438
412854.499768734
412854.599762201
412854.699726105
412854.799766064
412854.899794579
412854.99978447
412855.099774361
412855.199759483
412855.299776554
412855.399770737
412855.499777794
412855.599742651
412855.699725866
412855.799790382
412855.899779081
412855.999783278
412856.099786043
412856.199787617
412856.299802065
412856.399791479
412856.499765396
412856.599767685
412856.699726582
412856.799748182
412856.89973712
412856.999841928
412857.100246429
412857.199798584
412857.29978323
412857.399832726
412857.499779224
412857.599769592
412857.699782372
412857.799803019
412857.899773836
412857.999778748
412858.099766493
412858.199803829
412858.299740076
412858.399795532
412858.49982667
412858.599778652
412858.699794054
412858.799797535
412858.899736643
412858.999822855
412859.099772692
412859.199761629
412859.299786806
412859.399722099
412859.499762297
412859.599820375
412859.69974637
412859.799742222
412859.899759054
412859.999809027
412860.099787951
412860.199754953
412860.299790144
412860.399764061
412860.499729156
412860.599791527
412860.699819565
412860.799795151
412860.899772644
412860.999738216
412861.099740267
412861.199738741
412861.299817324
412861.399763584
412861.499771118
412861.599788427
412861.699792624
412861.799781322
412861.899727106
412861.999810219
412862.099780798
412862.199785471
412862.299807787
412862.399793625
412862.499759674
412862.599780083
412862.699806452
412862.799788237
412862.899795294
412862.999744654
412863.099765778
412863.19977355
412863.299802065
412863.399805546
412863.499789953
412863.599722862
412863.699809313
412863.799800634
412863.899796724
412863.999763489
412864.099801779
412864.199729919
412864.299876451
412864.399795771
412864.499790907
412864.599811792
412864.699754953
412864.799786091
412864.89979744
412864.999758244
412865.099741459
412865.199807882
412865.299803734
412865.39979434
412865.499790192
412865.599753141
412865.699774265
